-13725.490909804
-3529.41246823528
4313.72479450981
11372.5483309803
18431.3718674509
11372.5483309803
4313.72479450981
4313.72479450981
11372.5483309803
18431.3718674509
18431.3718674509
11372.5483309803
18431.3718674509
18431.3718674509
18431.3718674509
11372.5483309803
11372.5483309803
11372.5483309803
18431.3718674509
18431.3718674509
11372.5483309803
-13725.490909804
-3529.41246823528
11372.5483309803
18431.3718674509
18431.3718674509
18431.3718674509
11372.5483309803
18431.3718674509
18431.3718674509
18431.3718674509
11372.5483309803
-3529.41246823528
-3529.41246823528
-3529.41246823528
11372.5483309803
11372.5483309803
18431.3718674509
18431.3718674509
18431.3718674509
18431.3718674509
18431.3718674509
11372.5483309803
11372.5483309803
11372.5483309803
11372.5483309803
-3529.41246823528
11372.5483309803
11372.5483309803
11372.5483309803
18431.3718674509
18431.3718674509
18431.3718674509
18431.3718674509
18431.3718674509
18431.3718674509
11372.5483309803
11372.5483309803
18431.3718674509
18431.3718674509
18431.3718674509
18431.3718674509
18431.3718674509
18431.3718674509
18431.3718674509
18431.3718674509
18431.3718674509
18431.3718674509
18431.3718674509
18431.3718674509
18431.3718674509
18431.3718674509
24705.881677647
18431.3718674509
18431.3718674509
24705.881677647
18431.3718674509
18431.3718674509
18431.3718674509
18431.3718674509
18431.3718674509
18431.3718674509
18431.3718674509
18431.3718674509
18431.3718674509
18431.3718674509
18431.3718674509
11372.5483309803
11372.5483309803
18431.3718674509
18431.3718674509
18431.3718674509
18431.3718674509
18431.3718674509
18431.3718674509
18431.3718674509
18431.3718674509
18431.3718674509
18431.3718674509
11372.5483309803
4313.72479450981
-3529.41246823528
11372.5483309803
11372.5483309803
11372.5483309803
18431.3718674509
18431.3718674509
18431.3718674509
18431.3718674509
18431.3718674509
18431.3718674509
11372.5483309803
4313.72479450981
-3529.41246823528
-3529.41246823528
4313.72479450981
11372.5483309803
18431.3718674509
18431.3718674509
11372.5483309803
18431.3718674509
18431.3718674509
18431.3718674509
18431.3718674509
11372.5483309803
-3529.41246823528
4313.72479450981
18431.3718674509
18431.3718674509
18431.3718674509
11372.5483309803
11372.5483309803
18431.3718674509
18431.3718674509
18431.3718674509
11372.5483309803
18431.3718674509
18431.3718674509
11372.5483309803
4313.72479450981
11372.5483309803
11372.5483309803
18431.3718674509
18431.3718674509
11372.5483309803
4313.72479450981
-13725.490909804
-3529.41246823528
31764.7052141177
4313.72479450981
-3529.41246823528
4313.72479450981
18431.3718674509
24705.881677647
31764.7052141177
24705.881677647
24705.881677647
18431.3718674509
4313.72479450981
4313.72479450981
18431.3718674509
24705.881677647
24705.881677647
11372.5483309803
11372.5483309803
11372.5483309803
18431.3718674509
18431.3718674509
11372.5483309803
11372.5483309803
18431.3718674509
18431.3718674509
18431.3718674509
4313.72479450981
-23921.5693513726
-13725.490909804
-3529.41246823528
11372.5483309803
18431.3718674509
18431.3718674509
18431.3718674509
18431.3718674509
18431.3718674509
18431.3718674509
11372.5483309803
4313.72479450981
-3529.41246823528
11372.5483309803
-13725.490909804
4313.72479450981
11372.5483309803
11372.5483309803
18431.3718674509
18431.3718674509
18431.3718674509
18431.3718674509
18431.3718674509
11372.5483309803
11372.5483309803
11372.5483309803
18431.3718674509
18431.3718674509
18431.3718674509
11372.5483309803
18431.3718674509
18431.3718674509
18431.3718674509
18431.3718674509
18431.3718674509
18431.3718674509
18431.3718674509
18431.3718674509
18431.3718674509
24705.881677647
24705.881677647
24705.881677647
18431.3718674509
18431.3718674509
18431.3718674509
18431.3718674509
18431.3718674509
18431.3718674509
18431.3718674509
18431.3718674509
18431.3718674509
18431.3718674509
31764.7052141177
24705.881677647
18431.3718674509
18431.3718674509
18431.3718674509
18431.3718674509
18431.3718674509
18431.3718674509
18431.3718674509
18431.3718674509
18431.3718674509
18431.3718674509
18431.3718674509
18431.3718674509
18431.3718674509
11372.5483309803
11372.5483309803
11372.5483309803
18431.3718674509
18431.3718674509
18431.3718674509
18431.3718674509
18431.3718674509
11372.5483309803
11372.5483309803
4313.72479450981
-13725.490909804
4313.72479450981
4313.72479450981
11372.5483309803
18431.3718674509
18431.3718674509
18431.3718674509
18431.3718674509
18431.3718674509
18431.3718674509
18431.3718674509
4313.72479450981
-3529.41246823528
-13725.490909804
-13725.490909804
11372.5483309803
18431.3718674509
18431.3718674509
18431.3718674509
11372.5483309803
18431.3718674509
18431.3718674509
18431.3718674509
18431.3718674509
11372.5483309803
18431.3718674509
31764.7052141177
18431.3718674509
11372.5483309803
4313.72479450981
11372.5483309803
24705.881677647
24705.881677647
24705.881677647
31764.7052141177
18431.3718674509
11372.5483309803
-3529.41246823528
-3529.41246823528
11372.5483309803
38823.5287505882
65490.1954439215
-23921.5693513726
4313.72479450981
18431.3718674509
31764.7052141177
45098.0385607843
-3529.41246823528
-3529.41246823528
4313.72479450981
18431.3718674509
31764.7052141177
38823.5287505882
18431.3718674509
24705.881677647
24705.881677647
18431.3718674509
4313.72479450981
11372.5483309803
18431.3718674509
31764.7052141177
24705.881677647
-3529.41246823528
4313.72479450981
18431.3718674509
18431.3718674509
18431.3718674509
18431.3718674509
18431.3718674509
18431.3718674509
18431.3718674509
11372.5483309803
-13725.490909804
-23921.5693513726
-13725.490909804
4313.72479450981
11372.5483309803
18431.3718674509
18431.3718674509
18431.3718674509
18431.3718674509
18431.3718674509
11372.5483309803
11372.5483309803
4313.72479450981
4313.72479450981
65490.1954439215
4313.72479450981
11372.5483309803
11372.5483309803
18431.3718674509
18431.3718674509
18431.3718674509
18431.3718674509
18431.3718674509
18431.3718674509
11372.5483309803
11372.5483309803
18431.3718674509
24705.881677647
45098.0385607843
31764.7052141177
24705.881677647
18431.3718674509
18431.3718674509
18431.3718674509
18431.3718674509
18431.3718674509
18431.3718674509
18431.3718674509
18431.3718674509
18431.3718674509
24705.881677647
31764.7052141177
31764.7052141177
24705.881677647
18431.3718674509
18431.3718674509
18431.3718674509
18431.3718674509
18431.3718674509
18431.3718674509
18431.3718674509
18431.3718674509
18431.3718674509
24705.881677647
38823.5287505882
52156.8620972548
24705.881677647
18431.3718674509
11372.5483309803
18431.3718674509
18431.3718674509
18431.3718674509
18431.3718674509
18431.3718674509
18431.3718674509
18431.3718674509
11372.5483309803
11372.5483309803
4313.72479450981
65490.1954439215
4313.72479450981
4313.72479450981
11372.5483309803
18431.3718674509
18431.3718674509
18431.3718674509
18431.3718674509
18431.3718674509
18431.3718674509
11372.5483309803
-3529.41246823528
-13725.490909804
-23921.5693513726
-13725.490909804
11372.5483309803
24705.881677647
18431.3718674509
18431.3718674509
18431.3718674509
18431.3718674509
18431.3718674509
11372.5483309803
4313.72479450981
-3529.41246823528
38823.5287505882
31764.7052141177
18431.3718674509
11372.5483309803
11372.5483309803
18431.3718674509
31764.7052141177
24705.881677647
18431.3718674509
45098.0385607843
31764.7052141177
18431.3718674509
4313.72479450981
-3529.41246823528
11372.5483309803
45098.0385607843
31764.7052141177
18431.3718674509
4313.72479450981
65490.1954439215
65490.1954439215
72549.0189803922
38823.5287505882
45098.0385607843
65490.1954439215
-23921.5693513726
11372.5483309803
24705.881677647
38823.5287505882
24705.881677647
31764.7052141177
45098.0385607843
-3529.41246823528
4313.72479450981
11372.5483309803
24705.881677647
38823.5287505882
59215.6856337254
4313.72479450981
11372.5483309803
24705.881677647
31764.7052141177
11372.5483309803
11372.5483309803
18431.3718674509
24705.881677647
31764.7052141177
72549.0189803922
-13725.490909804
4313.72479450981
18431.3718674509
18431.3718674509
18431.3718674509
18431.3718674509
18431.3718674509
18431.3718674509
18431.3718674509
-3529.41246823528
-23921.5693513726
65490.1954439215
-13725.490909804
4313.72479450981
18431.3718674509
18431.3718674509
18431.3718674509
18431.3718674509
18431.3718674509
18431.3718674509
11372.5483309803
4313.72479450981
4313.72479450981
11372.5483309803
52156.8620972548
52156.8620972548
18431.3718674509
18431.3718674509
18431.3718674509
18431.3718674509
18431.3718674509
18431.3718674509
18431.3718674509
18431.3718674509
18431.3718674509
18431.3718674509
18431.3718674509
24705.881677647
45098.0385607843
38823.5287505882
31764.7052141177
24705.881677647
18431.3718674509
18431.3718674509
18431.3718674509
18431.3718674509
18431.3718674509
18431.3718674509
18431.3718674509
24705.881677647
31764.7052141177
38823.5287505882
45098.0385607843
31764.7052141177
18431.3718674509
18431.3718674509
18431.3718674509
18431.3718674509
18431.3718674509
18431.3718674509
18431.3718674509
18431.3718674509
18431.3718674509
18431.3718674509
18431.3718674509
58431.3719074509
11372.5483309803
4313.72479450981
4313.72479450981
18431.3718674509
18431.3718674509
18431.3718674509
18431.3718674509
18431.3718674509
18431.3718674509
11372.5483309803
4313.72479450981
65490.1954439215
-23921.5693513726
4313.72479450981
18431.3718674509
18431.3718674509
18431.3718674509
18431.3718674509
18431.3718674509
18431.3718674509
11372.5483309803
4313.72479450981
-23921.5693513726
65490.1954439215
72549.0189803922
38823.5287505882
24705.881677647
18431.3718674509
11372.5483309803
18431.3718674509
31764.7052141177
24705.881677647
11372.5483309803
4313.72479450981
72549.0189803922
59215.6856337254
38823.5287505882
24705.881677647
11372.5483309803
-3529.41246823528
4313.72479450981
45098.0385607843
31764.7052141177
24705.881677647
38823.5287505882
24705.881677647
4313.72479450981
59215.6856337254
45098.0385607843
65490.1954439215
65490.1954439215
72549.0189803922
78823.5287905882
45098.0385607843
52156.8620972548
65490.1954439215
72549.0189803922
38823.5287505882
45098.0385607843
59215.6856337254
-3529.41246823528
18431.3718674509
31764.7052141177
45098.0385607843
59215.6856337254
85882.3523270588
18431.3718674509
24705.881677647
31764.7052141177
4313.72479450981
11372.5483309803
18431.3718674509
31764.7052141177
52156.8620972548
65490.1954439215
72549.0189803922
72549.0189803922
72549.0189803922
-3529.41246823528
11372.5483309803
24705.881677647
31764.7052141177
18431.3718674509
18431.3718674509
24705.881677647
31764.7052141177
65490.1954439215
78823.5287905882
85882.3523270588
65490.1954439215
65490.1954439215
-3529.41246823528
11372.5483309803
18431.3718674509
18431.3718674509
18431.3718674509
18431.3718674509
24705.881677647
18431.3718674509
4313.72479450981
-13725.490909804
85882.3523270588
59215.6856337254
59215.6856337254
59215.6856337254
11372.5483309803
18431.3718674509
24705.881677647
24705.881677647
24705.881677647
18431.3718674509
18431.3718674509
11372.5483309803
4313.72479450981
11372.5483309803
52156.8620972548
45098.0385607843
45098.0385607843
31764.7052141177
24705.881677647
18431.3718674509
24705.881677647
24705.881677647
24705.881677647
18431.3718674509
18431.3718674509
18431.3718674509
24705.881677647
31764.7052141177
38823.5287505882
31764.7052141177
24705.881677647
24705.881677647
18431.3718674509
18431.3718674509
24705.881677647
24705.881677647
24705.881677647
24705.881677647
18431.3718674509
24705.881677647
38823.5287505882
45098.0385607843
45098.0385607843
11372.5483309803
11372.5483309803
11372.5483309803
18431.3718674509
24705.881677647
24705.881677647
24705.881677647
24705.881677647
18431.3718674509
18431.3718674509
59215.6856337254
59215.6856337254
85882.3523270588
-3529.41246823528
4313.72479450981
24705.881677647
24705.881677647
24705.881677647
18431.3718674509
24705.881677647
18431.3718674509
4313.72479450981
65490.1954439215
65490.1954439215
78823.5287905882
72549.0189803922
65490.1954439215
31764.7052141177
24705.881677647
18431.3718674509
18431.3718674509
31764.7052141177
24705.881677647
11372.5483309803
72549.0189803922
72549.0189803922
72549.0189803922
65490.1954439215
52156.8620972548
31764.7052141177
18431.3718674509
4313.72479450981
11372.5483309803
45098.0385607843
31764.7052141177
24705.881677647
85098.0386007842
59215.6856337254
52156.8620972548
31764.7052141177
18431.3718674509
59215.6856337254
45098.0385607843
31764.7052141177
72549.0189803922
65490.1954439215
59215.6856337254
52156.8620972548
78823.5287905882
72549.0189803922
78823.5287905882
91372.5484109803
104705.881757647
126666.666093333
59215.6856337254
65490.1954439215
78823.5287905882
85882.3523270588
98418.9717304347
109411.764115294
125882.352367059
109411.764115294
45098.0385607843
59215.6856337254
65490.1954439215
72549.0189803922
98418.9717304347
91372.5484109803
38823.5287505882
52156.8620972548
59215.6856337254
11372.5483309803
31764.7052141177
45098.0385607843
59215.6856337254
65490.1954439215
72549.0189803922
78823.5287905882
78823.5287905882
78823.5287905882
11372.5483309803
24705.881677647
38823.5287505882
11372.5483309803
18431.3718674509
31764.7052141177
52156.8620972548
65490.1954439215
72549.0189803922
78823.5287905882
85882.3523270588
72549.0189803922
72549.0189803922
65490.1954439215
-3529.41246823528
18431.3718674509
24705.881677647
18431.3718674509
18431.3718674509
18431.3718674509
31764.7052141177
72549.0189803922
85098.0386007842
91372.5484109803
65490.1954439215
65490.1954439215
65490.1954439215
4313.72479450981
18431.3718674509
18431.3718674509
24705.881677647
24705.881677647
24705.881677647
18431.3718674509
11372.5483309803
-3529.41246823528
98418.9717304347
114901.960199216
52156.8620972548
52156.8620972548
52156.8620972548
18431.3718674509
24705.881677647
24705.881677647
24705.881677647
24705.881677647
18431.3718674509
18431.3718674509
18431.3718674509
18431.3718674509
104705.881757647
120392.156283137
126666.666093333
38823.5287505882
38823.5287505882
24705.881677647
24705.881677647
24705.881677647
24705.881677647
24705.881677647
24705.881677647
24705.881677647
24705.881677647
31764.7052141177
38823.5287505882
38823.5287505882
126666.666093333
121176.470009412
24705.881677647
18431.3718674509
18431.3718674509
18431.3718674509
24705.881677647
24705.881677647
24705.881677647
24705.881677647
24705.881677647
18431.3718674509
52156.8620972548
52156.8620972548
52156.8620972548
136862.744534902
109411.764115294
98418.9717304347
4313.72479450981
11372.5483309803
24705.881677647
24705.881677647
24705.881677647
24705.881677647
18431.3718674509
11372.5483309803
65490.1954439215
59215.6856337254
59215.6856337254
91372.5484109803
78823.5287905882
72549.0189803922
31764.7052141177
24705.881677647
18431.3718674509
24705.881677647
24705.881677647
11372.5483309803
72549.0189803922
65490.1954439215
65490.1954439215
85882.3523270588
78823.5287905882
72549.0189803922
65490.1954439215
45098.0385607843
31764.7052141177
18431.3718674509
11372.5483309803
31764.7052141177
24705.881677647
78823.5287905882
78823.5287905882
78823.5287905882
72549.0189803922
65490.1954439215
59215.6856337254
45098.0385607843
24705.881677647
4313.72479450981
59215.6856337254
45098.0385607843
38823.5287505882
91372.5484109803
91372.5484109803
65490.1954439215
59215.6856337254
52156.8620972548
45098.0385607843
104705.881757647
109411.764115294
120392.156283137
109411.764115294
98418.9717304347
85098.0386007842
72549.0189803922
65490.1954439215
58431.3719074509
126666.666093333
104705.881757647
92125.9836440944
78823.5287905882
65490.1954439215
173725.489669804
179215.685753726
179215.685753726
184705.881837647
120392.156283137
136862.744534902
147058.822976471
152549.019060392
152549.019060392
158039.215144314
78823.5287905882
91372.5484109803
104705.881757647
121176.470009412
131372.54845098
147058.822976471
158039.215144314
131372.54845098
131372.54845098
136862.744534902
136862.744534902
65490.1954439215
78823.5287905882
85882.3523270588
98418.9717304347
109411.764115294
125882.352367059
136862.744534902
158039.215144314
173725.489669804
114901.960199216
121176.470009412
114901.960199216
114901.960199216
52156.8620972548
65490.1954439215
72549.0189803922
78823.5287905882
91372.5484109803
104705.881757647
114901.960199216
131372.54845098
147058.822976471
168235.293585882
184705.881837647
219215.685793726
104705.881757647
104705.881757647
104705.881757647
104705.881757647
52156.8620972548
59215.6856337254
65490.1954439215
72549.0189803922
52156.8620972548
179215.685753726
207450.979899608
184705.881837647
91372.5484109803
91372.5484109803
92125.9836440944
85882.3523270588
31764.7052141177
38823.5287505882
52156.8620972548
4313.72479450981
18431.3718674509
38823.5287505882
52156.8620972548
65490.1954439215
72549.0189803922
78823.5287905882
195686.27400549
190196.077921569
173725.489669804
78823.5287905882
78823.5287905882
78823.5287905882
11372.5483309803
24705.881677647
38823.5287505882
18431.3718674509
18431.3718674509
24705.881677647
45098.0385607843
59215.6856337254
65490.1954439215
78823.5287905882
85882.3523270588
98418.9717304347
109411.764115294
179215.685753726
158039.215144314
65490.1954439215
65490.1954439215
65490.1954439215
4313.72479450981
18431.3718674509
24705.881677647
24705.881677647
18431.3718674509
31764.7052141177
72549.0189803922
78823.5287905882
91372.5484109803
104705.881757647
114901.960199216
126666.666093333
162745.097501961
147058.822976471
59215.6856337254
59215.6856337254
58431.3719074509
18431.3718674509
24705.881677647
24705.881677647
24705.881677647
24705.881677647
18431.3718674509
11372.5483309803
4313.72479450981
98418.9717304347
109411.764115294
125882.352367059
136862.744534902
152549.019060392
136862.744534902
120392.156283137
52156.8620972548
45098.0385607843
45098.0385607843
31764.7052141177
24705.881677647
24705.881677647
24705.881677647
24705.881677647
24705.881677647
18431.3718674509
24705.881677647
24705.881677647
31764.7052141177
121176.470009412
136862.744534902
147058.822976471
142352.940618824
131372.54845098
114901.960199216
31764.7052141177
24705.881677647
18431.3718674509
18431.3718674509
24705.881677647
24705.881677647
24705.881677647
24705.881677647
24705.881677647
38823.5287505882
38823.5287505882
45098.0385607843
125882.352367059
142352.940618824
158039.215144314
136862.744534902
120392.156283137
109411.764115294
98418.9717304347
4313.72479450981
11372.5483309803
18431.3718674509
24705.881677647
24705.881677647
24705.881677647
24705.881677647
18431.3718674509
59215.6856337254
59215.6856337254
59215.6856337254
152549.019060392
168235.293585882
125882.352367059
114901.960199216
104705.881757647
91372.5484109803
78823.5287905882
65490.1954439215
24705.881677647
24705.881677647
24705.881677647
24705.881677647
18431.3718674509
65490.1954439215
65490.1954439215
65490.1954439215
162745.097501961
179215.685753726
109411.764115294
98418.9717304347
85882.3523270588
78823.5287905882
65490.1954439215
59215.6856337254
38823.5287505882
24705.881677647
18431.3718674509
38823.5287505882
24705.881677647
11372.5483309803
78823.5287905882
78823.5287905882
78823.5287905882
179215.685753726
195686.27400549
78823.5287905882
72549.0189803922
65490.1954439215
52156.8620972548
38823.5287505882
18431.3718674509
59215.6856337254
52156.8620972548
38823.5287505882
92125.9836440944
92125.9836440944
92125.9836440944
190196.077921569
195686.27400549
173725.489669804
72549.0189803922
65490.1954439215
59215.6856337254
45098.0385607843
104705.881757647
104705.881757647
104705.881757647
236470.587771765
184705.881837647
162745.097501961
142352.940618824
125882.352367059
109411.764115294
98418.9717304347
85882.3523270588
78823.5287905882
65490.1954439215
59215.6856337254
114901.960199216
121176.470009412
114901.960199216
114901.960199216
168235.293585882
152549.019060392
136862.744534902
120392.156283137
104705.881757647
98418.9717304347
85882.3523270588
72549.0189803922
136862.744534902
136862.744534902
136862.744534902
131372.54845098
126666.666093333
158039.215144314
142352.940618824
125882.352367059
109411.764115294
98418.9717304347
85882.3523270588
158039.215144314
158039.215144314
152549.019060392
152549.019060392
147058.822976471
131372.54845098
120392.156283137
184705.881837647
179215.685753726
173725.489669804
173725.489669804
475686.27428549
474901.960559216
469411.764475294
469411.764475294
475686.27428549
475686.27428549
481176.470369412
469411.764475294
463921.568391373
463921.568391373
458431.372307451
412941.176183529
423921.568351373
435686.27424549
446666.666413333
452941.17622353
458431.372307451
463921.568391373
469411.764475294
463921.568391373
458431.372307451
452941.17622353
446666.666413333
446666.666413333
347058.823176471
375294.117322353
390196.078121569
412941.176183529
418431.372267451
423921.568351373
435686.27424549
441176.470329412
458431.372307451
469411.764475294
475686.27428549
458431.372307451
452941.17622353
441176.470329412
435686.27424549
430196.078161569
253725.489749804
270196.078001569
286561.264408696
318039.215304314
332941.176103529
361176.470249412
375294.117322353
401176.470289412
412941.176183529
423921.568351373
435686.27424549
446666.666413333
463921.568391373
474901.960559216
474901.960559216
458431.372307451
446666.666413333
435686.27424549
423921.568351373
412941.176183529
195686.27400549
207450.979899608
219215.685793726
253725.489749804
270196.078001569
286561.264408696
318039.215304314
347058.823176471
361176.470249412
401176.470289412
418431.372267451
430196.078161569
446666.666413333
458431.372307451
469411.764475294
486666.666453333
463921.568391373
446666.666413333
430196.078161569
412941.176183529
401176.470289412
173725.489669804
179215.685753726
184705.881837647
184705.881837647
195686.27400549
195686.27400549
219215.685793726
446666.666413333
458431.372307451
469411.764475294
474901.960559216
446666.666413333
423921.568351373
412941.176183529
375294.117322353
347058.823176471
158039.215144314
158039.215144314
163529.411228235
162745.097501961
168235.293585882
168235.293585882
104705.881757647
114901.960199216
126666.666093333
142352.940618824
158039.215144314
173725.489669804
190196.077921569
219215.685793726
286561.264408696
475686.27428549
474901.960559216
446666.666413333
430196.078161569
406666.666373333
375294.117322353
332156.862377255
142352.940618824
142352.940618824
142352.940618824
142352.940618824
147058.822976471
85882.3523270588
98418.9717304347
109411.764115294
120392.156283137
136862.744534902
152549.019060392
168235.293585882
184705.881837647
207450.979899608
270196.078001569
332941.176103529
390196.078121569
474901.960559216
423921.568351373
406666.666373333
361176.470249412
318039.215304314
270196.078001569
125882.352367059
125882.352367059
125882.352367059
125882.352367059
125882.352367059
72549.0189803922
78823.5287905882
91372.5484109803
104705.881757647
114901.960199216
125882.352367059
142352.940618824
158039.215144314
179215.685753726
207450.979899608
270196.078001569
332156.862377255
390196.078121569
423921.568351373
452941.17622353
475686.27428549
401176.470289412
361176.470249412
318039.215304314
270196.078001569
207450.979899608
109411.764115294
109411.764115294
109411.764115294
109411.764115294
59215.6856337254
65490.1954439215
72549.0189803922
85882.3523270588
91372.5484109803
104705.881757647
121176.470009412
136862.744534902
152549.019060392
173725.489669804
195686.27400549
253725.489749804
318039.215304314
375294.117322353
418431.372267451
446666.666413333
475686.27428549
469411.764475294
347058.823176471
318039.215304314
270196.078001569
219215.685793726
98418.9717304347
98418.9717304347
98418.9717304347
91372.5484109803
45098.0385607843
52156.8620972548
59215.6856337254
65490.1954439215
45098.0385607843
59215.6856337254
65490.1954439215
184705.881837647
219215.685793726
302429.1494
361176.470249412
412941.176183529
441176.470329412
463921.568391373
474901.960559216
463921.568391373
318039.215304314
270196.078001569
219215.685793726
184705.881837647
85882.3523270588
85882.3523270588
85882.3523270588
31764.7052141177
38823.5287505882
52156.8620972548
11372.5483309803
31764.7052141177
52156.8620972548
65490.1954439215
72549.0189803922
78823.5287905882
91372.5484109803
207450.979899608
286561.264408696
347058.823176471
406666.666373333
435686.27424549
452941.17622353
463921.568391373
452941.17622353
270196.078001569
219215.685793726
190196.077921569
173725.489669804
152549.019060392
72549.0189803922
72549.0189803922
72549.0189803922
18431.3718674509
38823.5287505882
52156.8620972548
65490.1954439215
78823.5287905882
85882.3523270588
98418.9717304347
109411.764115294
270196.078001569
347058.823176471
401176.470289412
423921.568351373
446666.666413333
463921.568391373
463921.568391373
446666.666413333
430196.078161569
219215.685793726
190196.077921569
179215.685753726
163529.411228235
142352.940618824
65490.1954439215
59215.6856337254
59215.6856337254
78823.5287905882
91372.5484109803
104705.881757647
114901.960199216
125882.352367059
347058.823176471
401176.470289412
423921.568351373
446666.666413333
463921.568391373
458431.372307451
441176.470329412
423921.568351373
179215.685753726
168235.293585882
152549.019060392
136862.744534902
58431.3719074509
52156.8620972548
45098.0385607843
11372.5483309803
91372.5484109803
109411.764115294
126666.666093333
136862.744534902
147058.822976471
401176.470289412
423921.568351373
446666.666413333
463921.568391373
458431.372307451
441176.470329412
423921.568351373
168235.293585882
158039.215144314
142352.940618824
125882.352367059
109411.764115294
38823.5287505882
31764.7052141177
31764.7052141177
38823.5287505882
114901.960199216
131372.54845098
147058.822976471
158039.215144314
168235.293585882
406666.666373333
423921.568351373
446666.666413333
469411.764475294
458431.372307451
441176.470329412
418431.372267451
390196.078121569
147058.822976471
136862.744534902
120392.156283137
104705.881757647
91372.5484109803
11372.5483309803
45098.0385607843
52156.8620972548
58431.3719074509
136862.744534902
152549.019060392
168235.293585882
184705.881837647
435686.27424549
452941.17622353
469411.764475294
458431.372307451
441176.470329412
418431.372267451
390196.078121569
332156.862377255
136862.744534902
125882.352367059
114901.960199216
104705.881757647
92125.9836440944
72549.0189803922
4313.72479450981
59215.6856337254
65490.1954439215
65490.1954439215
147058.822976471
162745.097501961
179215.685753726
195686.27400549
219215.685793726
441176.470329412
458431.372307451
474901.960559216
463921.568391373
441176.470329412
423921.568351373
390196.078121569
332941.176103529
120392.156283137
109411.764115294
98418.9717304347
85882.3523270588
72549.0189803922
65490.1954439215
52156.8620972548
31764.7052141177
24705.881677647
11372.5483309803
72549.0189803922
72549.0189803922
72549.0189803922
72549.0189803922
158039.215144314
179215.685753726
195686.27400549
219215.685793726
270196.078001569
463921.568391373
475686.27428549
469411.764475294
446666.666413333
423921.568351373
401176.470289412
347058.823176471
270196.078001569
207450.979899608
91372.5484109803
78823.5287905882
72549.0189803922
65490.1954439215
52156.8620972548
31764.7052141177
11372.5483309803
45098.0385607843
38823.5287505882
24705.881677647
85098.0386007842
85882.3523270588
85882.3523270588
85882.3523270588
173725.489669804
190196.077921569
236470.587771765
270196.078001569
318039.215304314
469411.764475294
458431.372307451
435686.27424549
406666.666373333
347058.823176471
286561.264408696
219215.685793726
179215.685753726
59215.6856337254
65490.1954439215
59215.6856337254
52156.8620972548
98418.9717304347
98418.9717304347
98418.9717304347
98418.9717304347
190196.077921569
219215.685793726
286561.264408696
318039.215304314
361176.470249412
474901.960559216
469411.764475294
441176.470329412
412941.176183529
361176.470249412
302429.1494
236470.587771765
184705.881837647
168235.293585882
147058.822976471
131372.54845098
114901.960199216
104705.881757647
91372.5484109803
85098.0386007842
72549.0189803922
65490.1954439215
58431.3719074509
109411.764115294
109411.764115294
109411.764115294
109411.764115294
219215.685793726
286561.264408696
332941.176103529
375294.117322353
406666.666373333
481176.470369412
441176.470329412
418431.372267451
361176.470249412
318039.215304314
253725.489749804
195686.27400549
173725.489669804
158039.215144314
136862.744534902
125882.352367059
109411.764115294
104705.881757647
91372.5484109803
78823.5287905882
65490.1954439215
125882.352367059
125882.352367059
125882.352367059
125882.352367059
286561.264408696
332941.176103529
375294.117322353
412941.176183529
430196.078161569
463921.568391373
375294.117322353
318039.215304314
253725.489749804
195686.27400549
179215.685753726
162745.097501961
147058.822976471
131372.54845098
121176.470009412
104705.881757647
98418.9717304347
85098.0386007842
147058.822976471
147058.822976471
142352.940618824
142352.940618824
136862.744534902
347058.823176471
375294.117322353
412941.176183529
435686.27424549
458431.372307451
481176.470369412
469411.764475294
270196.078001569
207450.979899608
184705.881837647
168235.293585882
152549.019060392
136862.744534902
125882.352367059
109411.764115294
168235.293585882
168235.293585882
162745.097501961
163529.411228235
158039.215144314
347058.823176471
390196.078121569
412941.176183529
430196.078161569
446666.666413333
475686.27428549
463921.568391373
452941.17622353
441176.470329412
236470.587771765
219215.685793726
207450.979899608
190196.077921569
190196.077921569
184705.881837647
179215.685753726
173725.489669804
406666.666373333
418431.372267451
430196.078161569
441176.470329412
463921.568391373
463921.568391373
452941.17622353
435686.27424549
423921.568351373
412941.176183529
390196.078121569
361176.470249412
332941.176103529
318039.215304314
286561.264408696
270196.078001569
253725.489749804
219215.685793726
207450.979899608
195686.27400549
418431.372267451
423921.568351373
435686.27424549
441176.470329412
458431.372307451
463921.568391373
452941.17622353
441176.470329412
430196.078161569
418431.372267451
406666.666373333
390196.078121569
375294.117322353
347058.823176471
332941.176103529
318039.215304314
286561.264408696
270196.078001569
430196.078161569
435686.27424549
441176.470329412
446666.666413333
458431.372307451
463921.568391373
452941.17622353
446666.666413333
441176.470329412
430196.078161569
423921.568351373
418431.372267451
406666.666373333
390196.078121569
361176.470249412
347058.823176471
446666.666413333
446666.666413333
452941.17622353
452941.17622353
458431.372307451
463921.568391373
458431.372307451
452941.17622353
452941.17622353
441176.470329412
435686.27424549
423921.568351373
406666.666373333
463921.568391373
463921.568391373
463921.568391373
463921.568391373
474901.960559216
469411.764475294
463921.568391373
463921.568391373
475686.27428549
475686.27428549
475686.27428549
474901.960559216
481176.470369412
475686.27428549
469411.764475294
469411.764475294
463921.568391373
441176.470329412
458431.372307451
463921.568391373
469411.764475294
469411.764475294
475686.27428549
469411.764475294
463921.568391373
458431.372307451
452941.17622353
452941.17622353
390196.078121569
406666.666373333
418431.372267451
430196.078161569
435686.27424549
441176.470329412
446666.666413333
463921.568391373
469411.764475294
481176.470369412
463921.568391373
458431.372307451
446666.666413333
441176.470329412
435686.27424549
318039.215304314
332941.176103529
347058.823176471
375294.117322353
401176.470289412
412941.176183529
418431.372267451
430196.078161569
441176.470329412
452941.17622353
463921.568391373
475686.27428549
469411.764475294
458431.372307451
446666.666413333
441176.470329412
423921.568351373
418431.372267451
236470.587771765
253725.489749804
270196.078001569
286561.264408696
318039.215304314
332941.176103529
347058.823176471
375294.117322353
406666.666373333
418431.372267451
435686.27424549
446666.666413333
458431.372307451
469411.764475294
481176.470369412
463921.568391373
441176.470329412
430196.078161569
418431.372267451
406666.666373333
184705.881837647
190196.077921569
195686.27400549
207450.979899608
219215.685793726
236470.587771765
253725.489749804
286561.264408696
318039.215304314
347058.823176471
390196.078121569
412941.176183529
423921.568351373
441176.470329412
458431.372307451
469411.764475294
469411.764475294
446666.666413333
430196.078161569
412941.176183529
390196.078121569
168235.293585882
168235.293585882
173725.489669804
173725.489669804
179215.685753726
184705.881837647
184705.881837647
136862.744534902
152549.019060392
168235.293585882
184705.881837647
458431.372307451
474901.960559216
475686.27428549
452941.17622353
430196.078161569
406666.666373333
375294.117322353
332941.176103529
152549.019060392
152549.019060392
152549.019060392
158039.215144314
158039.215144314
98418.9717304347
109411.764115294
120392.156283137
131372.54845098
147058.822976471
162745.097501961
179215.685753726
195686.27400549
253725.489749804
318039.215304314
375294.117322353
474901.960559216
486666.666453333
446666.666413333
430196.078161569
406666.666373333
361176.470249412
318039.215304314
270196.078001569
136862.744534902
136862.744534902
136862.744534902
136862.744534902
136862.744534902
78823.5287905882
91372.5484109803
104705.881757647
114901.960199216
125882.352367059
142352.940618824
158039.215144314
173725.489669804
190196.077921569
236470.587771765
302429.1494
361176.470249412
412941.176183529
486666.666453333
474901.960559216
423921.568351373
406666.666373333
361176.470249412
318039.215304314
270196.078001569
120392.156283137
120392.156283137
120392.156283137
120392.156283137
65490.1954439215
78823.5287905882
85882.3523270588
98418.9717304347
104705.881757647
121176.470009412
131372.54845098
147058.822976471
168235.293585882
184705.881837647
219215.685793726
286561.264408696
347058.823176471
406666.666373333
441176.470329412
469411.764475294
481176.470369412
469411.764475294
401176.470289412
361176.470249412
318039.215304314
270196.078001569
207450.979899608
109411.764115294
104705.881757647
104705.881757647
104705.881757647
59215.6856337254
65490.1954439215
72549.0189803922
85882.3523270588
136862.744534902
158039.215144314
179215.685753726
207450.979899608
270196.078001569
347058.823176471
406666.666373333
435686.27424549
458431.372307451
469411.764475294
458431.372307451
347058.823176471
318039.215304314
270196.078001569
219215.685793726
184705.881837647
98418.9717304347
91372.5484109803
91372.5484109803
45098.0385607843
52156.8620972548
59215.6856337254
45098.0385607843
59215.6856337254
65490.1954439215
78823.5287905882
195686.27400549
253725.489749804
332156.862377255
390196.078121569
423921.568351373
446666.666413333
463921.568391373
463921.568391373
446666.666413333
270196.078001569
219215.685793726
190196.077921569
173725.489669804
85882.3523270588
78823.5287905882
78823.5287905882
59215.6856337254
72549.0189803922
78823.5287905882
91372.5484109803
104705.881757647
236470.587771765
318039.215304314
375294.117322353
418431.372267451
441176.470329412
458431.372307451
458431.372307451
441176.470329412
219215.685793726
190196.077921569
173725.489669804
158039.215144314
72549.0189803922
72549.0189803922
65490.1954439215
59215.6856337254
72549.0189803922
85882.3523270588
98418.9717304347
109411.764115294
120392.156283137
302429.1494
361176.470249412
412941.176183529
435686.27424549
458431.372307451
469411.764475294
452941.17622353
435686.27424549
195686.27400549
179215.685753726
162745.097501961
147058.822976471
131372.54845098
59215.6856337254
52156.8620972548
85882.3523270588
104705.881757647
114901.960199216
125882.352367059
136862.744534902
361176.470249412
412941.176183529
435686.27424549
458431.372307451
463921.568391373
452941.17622353
435686.27424549
412941.176183529
184705.881837647
168235.293585882
152549.019060392
136862.744534902
126666.666093333
52156.8620972548
45098.0385607843
24705.881677647
104705.881757647
120392.156283137
136862.744534902
147058.822976471
163529.411228235
412941.176183529
435686.27424549
458431.372307451
463921.568391373
452941.17622353
430196.078161569
406666.666373333
158039.215144314
147058.822976471
131372.54845098
121176.470009412
104705.881757647
24705.881677647
45098.0385607843
52156.8620972548
125882.352367059
142352.940618824
158039.215144314
168235.293585882
418431.372267451
441176.470329412
458431.372307451
463921.568391373
446666.666413333
430196.078161569
406666.666373333
347058.823176471
136862.744534902
125882.352367059
109411.764115294
98418.9717304347
85882.3523270588
58431.3719074509
59215.6856337254
136862.744534902
152549.019060392
168235.293585882
184705.881837647
195686.27400549
423921.568351373
441176.470329412
463921.568391373
452941.17622353
435686.27424549
406666.666373333
347058.823176471
286561.264408696
120392.156283137
104705.881757647
98418.9717304347
85098.0386007842
65490.1954439215
65490.1954439215
72549.0189803922
72549.0189803922
147058.822976471
162745.097501961
179215.685753726
195686.27400549
236470.587771765
446666.666413333
469411.764475294
458431.372307451
435686.27424549
412941.176183529
361176.470249412
302429.1494
219215.685793726
104705.881757647
91372.5484109803
78823.5287905882
65490.1954439215
59215.6856337254
24705.881677647
78823.5287905882
85098.0386007842
85098.0386007842
173725.489669804
195686.27400549
236470.587771765
270196.078001569
458431.372307451
474901.960559216
463921.568391373
441176.470329412
418431.372267451
375294.117322353
318039.215304314
236470.587771765
184705.881837647
78823.5287905882
65490.1954439215
59215.6856337254
45098.0385607843
65490.1954439215
59215.6856337254
52156.8620972548
38823.5287505882
91372.5484109803
91372.5484109803
98418.9717304347
98418.9717304347
190196.077921569
219215.685793726
286561.264408696
318039.215304314
463921.568391373
475686.27428549
475686.27428549
452941.17622353
423921.568351373
390196.078121569
332941.176103529
253725.489749804
195686.27400549
173725.489669804
152549.019060392
136862.744534902
120392.156283137
109411.764115294
98418.9717304347
85882.3523270588
78823.5287905882
65490.1954439215
59215.6856337254
104705.881757647
104705.881757647
109411.764115294
109411.764115294
219215.685793726
286561.264408696
332156.862377255
361176.470249412
406666.666373333
474901.960559216
463921.568391373
430196.078161569
401176.470289412
347058.823176471
270196.078001569
207450.979899608
179215.685753726
162745.097501961
147058.822976471
126666.666093333
114901.960199216
104705.881757647
91372.5484109803
85882.3523270588
72549.0189803922
65490.1954439215
120392.156283137
120392.156283137
120392.156283137
120392.156283137
120392.156283137
219215.685793726
286561.264408696
332941.176103529
375294.117322353
412941.176183529
423921.568351373
475686.27428549
475686.27428549
401176.470289412
347058.823176471
286561.264408696
219215.685793726
184705.881837647
168235.293585882
152549.019060392
136862.744534902
126666.666093333
109411.764115294
104705.881757647
91372.5484109803
78823.5287905882
136862.744534902
136862.744534902
136862.744534902
136862.744534902
286561.264408696
332941.176103529
375294.117322353
412941.176183529
435686.27424549
452941.17622353
469411.764475294
302429.1494
236470.587771765
190196.077921569
173725.489669804
158039.215144314
142352.940618824
131372.54845098
121176.470009412
104705.881757647
162745.097501961
158039.215144314
158039.215144314
152549.019060392
152549.019060392
147058.822976471
347058.823176471
375294.117322353
412941.176183529
435686.27424549
458431.372307451
481176.470369412
469411.764475294
458431.372307451
179215.685753726
162745.097501961
147058.822976471
184705.881837647
184705.881837647
179215.685753726
173725.489669804
173725.489669804
168235.293585882
162745.097501961
361176.470249412
390196.078121569
412941.176183529
430196.078161569
446666.666413333
469411.764475294
463921.568391373
452941.17622353
435686.27424549
423921.568351373
406666.666373333
375294.117322353
347058.823176471
318039.215304314
286561.264408696
270196.078001569
236470.587771765
219215.685793726
207450.979899608
195686.27400549
190196.077921569
184705.881837647
406666.666373333
418431.372267451
430196.078161569
441176.470329412
458431.372307451
463921.568391373
452941.17622353
441176.470329412
423921.568351373
412941.176183529
401176.470289412
375294.117322353
347058.823176471
332941.176103529
318039.215304314
286561.264408696
270196.078001569
253725.489749804
236470.587771765
423921.568351373
423921.568351373
435686.27424549
446666.666413333
452941.17622353
463921.568391373
452941.17622353
441176.470329412
435686.27424549
423921.568351373
418431.372267451
406666.666373333
390196.078121569
375294.117322353
347058.823176471
332941.176103529
318039.215304314
435686.27424549
441176.470329412
446666.666413333
452941.17622353
458431.372307451
463921.568391373
458431.372307451
452941.17622353
446666.666413333
441176.470329412
435686.27424549
423921.568351373
418431.372267451
406666.666373333
390196.078121569
452941.17622353
458431.372307451
458431.372307451
458431.372307451
463921.568391373
463921.568391373
463921.568391373
458431.372307451
441176.470329412
469411.764475294
469411.764475294
469411.764475294
474901.960559216
481176.470369412
475686.27428549
474901.960559216
463921.568391373
463921.568391373
475686.27428549
475686.27428549
481176.470369412
469411.764475294
463921.568391373
463921.568391373
458431.372307451
412941.176183529
423921.568351373
441176.470329412
446666.666413333
452941.17622353
458431.372307451
463921.568391373
475686.27428549
463921.568391373
458431.372307451
452941.17622353
446666.666413333
446666.666413333
347058.823176471
375294.117322353
390196.078121569
412941.176183529
418431.372267451
423921.568351373
435686.27424549
446666.666413333
458431.372307451
469411.764475294
481176.470369412
463921.568391373
452941.17622353
441176.470329412
435686.27424549
430196.078161569
270196.078001569
302429.1494
318039.215304314
332941.176103529
347058.823176471
375294.117322353
401176.470289412
412941.176183529
423921.568351373
435686.27424549
446666.666413333
463921.568391373
469411.764475294
475686.27428549
458431.372307451
446666.666413333
435686.27424549
423921.568351373
412941.176183529
207450.979899608
219215.685793726
236470.587771765
253725.489749804
270196.078001569
286561.264408696
318039.215304314
332941.176103529
361176.470249412
401176.470289412
418431.372267451
430196.078161569
441176.470329412
458431.372307451
469411.764475294
463921.568391373
446666.666413333
430196.078161569
412941.176183529
401176.470289412
179215.685753726
179215.685753726
184705.881837647
184705.881837647
195686.27400549
195686.27400549
207450.979899608
236470.587771765
446666.666413333
458431.372307451
469411.764475294
474901.960559216
446666.666413333
430196.078161569
412941.176183529
375294.117322353
347058.823176471
158039.215144314
162745.097501961
162745.097501961
168235.293585882
168235.293585882
173725.489669804
120392.156283137
131372.54845098
142352.940618824
158039.215144314
173725.489669804
190196.077921569
236470.587771765
463921.568391373
474901.960559216
481176.470369412
446666.666413333
430196.078161569
406666.666373333
375294.117322353
332156.862377255
142352.940618824
147058.822976471
147058.822976471
147058.822976471
147058.822976471
91372.5484109803
104705.881757647
114901.960199216
125882.352367059
136862.744534902
152549.019060392
168235.293585882
184705.881837647
219215.685793726
286561.264408696
347058.823176471
390196.078121569
481176.470369412
423921.568351373
406666.666373333
361176.470249412
318039.215304314
270196.078001569
126666.666093333
126666.666093333
126666.666093333
125882.352367059
78823.5287905882
85882.3523270588
98418.9717304347
104705.881757647
121176.470009412
131372.54845098
147058.822976471
163529.411228235
179215.685753726
207450.979899608
270196.078001569
332941.176103529
390196.078121569
423921.568351373
481176.470369412
401176.470289412
361176.470249412
318039.215304314
270196.078001569
207450.979899608
114901.960199216
114901.960199216
114901.960199216
109411.764115294
72549.0189803922
78823.5287905882
85882.3523270588
98418.9717304347
109411.764115294
120392.156283137
136862.744534902
152549.019060392
173725.489669804
195686.27400549
253725.489749804
318039.215304314
375294.117322353
423921.568351373
452941.17622353
481176.470369412
469411.764475294
361176.470249412
318039.215304314
270196.078001569
207450.979899608
184705.881837647
104705.881757647
104705.881757647
98418.9717304347
162745.097501961
184705.881837647
236470.587771765
302429.1494
361176.470249412
412941.176183529
441176.470329412
469411.764475294
475686.27428549
463921.568391373
318039.215304314
270196.078001569
219215.685793726
184705.881837647
168235.293585882
91372.5484109803
92125.9836440944
78823.5287905882
85882.3523270588
207450.979899608
286561.264408696
347058.823176471
406666.666373333
435686.27424549
452941.17622353
469411.764475294
452941.17622353
270196.078001569
219215.685793726
190196.077921569
173725.489669804
158039.215144314
78823.5287905882
91372.5484109803
104705.881757647
109411.764115294
270196.078001569
347058.823176471
406666.666373333
423921.568351373
446666.666413333
463921.568391373
463921.568391373
446666.666413333
430196.078161569
195686.27400549
179215.685753726
162745.097501961
147058.822976471
65490.1954439215
98418.9717304347
109411.764115294
120392.156283137
131372.54845098
347058.823176471
401176.470289412
423921.568351373
446666.666413333
463921.568391373
458431.372307451
441176.470329412
423921.568351373
179215.685753726
168235.293585882
152549.019060392
136862.744534902
120392.156283137
98418.9717304347
109411.764115294
125882.352367059
136862.744534902
152549.019060392
401176.470289412
423921.568351373
446666.666413333
463921.568391373
458431.372307451
441176.470329412
423921.568351373
390196.078121569
168235.293585882
158039.215144314
142352.940618824
126666.666093333
114901.960199216
121176.470009412
131372.54845098
147058.822976471
158039.215144314
406666.666373333
423921.568351373
446666.666413333
469411.764475294
458431.372307451
441176.470329412
418431.372267451
390196.078121569
147058.822976471
136862.744534902
126666.666093333
109411.764115294
98418.9717304347
125882.352367059
142352.940618824
158039.215144314
168235.293585882
184705.881837647
430196.078161569
452941.17622353
469411.764475294
458431.372307451
441176.470329412
418431.372267451
390196.078121569
332156.862377255
126666.666093333
121176.470009412
104705.881757647
91372.5484109803
72549.0189803922
152549.019060392
168235.293585882
179215.685753726
195686.27400549
435686.27424549
458431.372307451
474901.960559216
463921.568391373
441176.470329412
423921.568351373
390196.078121569
332941.176103529
253725.489749804
109411.764115294
104705.881757647
92125.9836440944
78823.5287905882
78823.5287905882
163529.411228235
179215.685753726
195686.27400549
236470.587771765
270196.078001569
446666.666413333
463921.568391373
481176.470369412
469411.764475294
446666.666413333
423921.568351373
401176.470289412
347058.823176471
270196.078001569
207450.979899608
85882.3523270588
72549.0189803922
91372.5484109803
91372.5484109803
173725.489669804
190196.077921569
236470.587771765
286561.264408696
318039.215304314
469411.764475294
463921.568391373
435686.27424549
406666.666373333
347058.823176471
286561.264408696
219215.685793726
179215.685753726
163529.411228235
142352.940618824
104705.881757647
104705.881757647
104705.881757647
190196.077921569
219215.685793726
286561.264408696
332156.862377255
361176.470249412
475686.27428549
475686.27428549
441176.470329412
412941.176183529
361176.470249412
302429.1494
236470.587771765
184705.881837647
168235.293585882
152549.019060392
136862.744534902
120392.156283137
109411.764115294
98418.9717304347
85882.3523270588
78823.5287905882
72549.0189803922
114901.960199216
114901.960199216
114901.960199216
114901.960199216
219215.685793726
286561.264408696
332941.176103529
375294.117322353
406666.666373333
486666.666453333
418431.372267451
375294.117322353
318039.215304314
253725.489749804
195686.27400549
173725.489669804
158039.215144314
142352.940618824
126666.666093333
114901.960199216
104705.881757647
98418.9717304347
85882.3523270588
131372.54845098
126666.666093333
131372.54845098
126666.666093333
125882.352367059
286561.264408696
332941.176103529
375294.117322353
412941.176183529
423921.568351373
469411.764475294
375294.117322353
318039.215304314
253725.489749804
207450.979899608
179215.685753726
162745.097501961
147058.822976471
136862.744534902
120392.156283137
109411.764115294
98418.9717304347
152549.019060392
147058.822976471
147058.822976471
147058.822976471
142352.940618824
142352.940618824
302429.1494
332941.176103529
375294.117322353
412941.176183529
435686.27424549
458431.372307451
492156.862537255
469411.764475294
458431.372307451
207450.979899608
184705.881837647
168235.293585882
152549.019060392
136862.744534902
125882.352367059
173725.489669804
173725.489669804
168235.293585882
168235.293585882
162745.097501961
158039.215144314
347058.823176471
390196.078121569
412941.176183529
430196.078161569
452941.17622353
481176.470369412
463921.568391373
452941.17622353
441176.470329412
423921.568351373
270196.078001569
236470.587771765
207450.979899608
207450.979899608
195686.27400549
184705.881837647
184705.881837647
179215.685753726
173725.489669804
375294.117322353
406666.666373333
418431.372267451
430196.078161569
446666.666413333
463921.568391373
463921.568391373
452941.17622353
435686.27424549
423921.568351373
412941.176183529
390196.078121569
361176.470249412
332941.176103529
318039.215304314
286561.264408696
270196.078001569
253725.489749804
236470.587771765
207450.979899608
195686.27400549
418431.372267451
423921.568351373
435686.27424549
441176.470329412
458431.372307451
463921.568391373
452941.17622353
441176.470329412
430196.078161569
418431.372267451
406666.666373333
390196.078121569
375294.117322353
347058.823176471
332941.176103529
318039.215304314
286561.264408696
270196.078001569
430196.078161569
435686.27424549
441176.470329412
446666.666413333
458431.372307451
463921.568391373
452941.17622353
446666.666413333
441176.470329412
435686.27424549
423921.568351373
418431.372267451
406666.666373333
390196.078121569
361176.470249412
347058.823176471
446666.666413333
446666.666413333
452941.17622353
458431.372307451
463921.568391373
463921.568391373
458431.372307451
458431.372307451
452941.17622353
446666.666413333
435686.27424549
423921.568351373
463921.568391373
463921.568391373
469411.764475294
469411.764475294
475686.27428549
475686.27428549
469411.764475294
469411.764475294
475686.27428549
481176.470369412
481176.470369412
481176.470369412
474901.960559216
475686.27428549
475686.27428549
469411.764475294
469411.764475294
481176.470369412
469411.764475294
481176.470369412
469411.764475294
475686.27428549
481176.470369412
469411.764475294
486666.666453333
492156.862537255
475686.27428549
481176.470369412
469411.764475294
469411.764475294
469411.764475294
469411.764475294
463921.568391373
463921.568391373
463921.568391373
481176.470369412
475686.27428549
481176.470369412
486666.666453333
469411.764475294
486666.666453333
481176.470369412
463921.568391373
458431.372307451
463921.568391373
463921.568391373
469411.764475294
475686.27428549
