-7.88856810711092
-6.29625839939124
-6.56568659326966
-8.31315618347685
-10.4515675094496
-5.75802394475548
-1.28110558268747
0.858133778250751
0.51223822445167
-1.59433555042382
-6.15237016572854
-9.63575759880795
-13.4968767628028
-9.48406282740858
-5.27395992765606
-1.41883166183306
1.18597673445072
1.29211407847913
-1.28914169364181
-5.57565278428951
-10.4349084510758
-12.7549976727378
-17.086464590839
-15.5452943644244
-10.7729908063638
-6.23795344436228
-1.66101034182299
1.61472772298462
1.73936976714385
-1.53355785653753
-6.29571627237418
-10.7615738911399
-15.309328972369
-15.7260240571538
-20.2870044111218
-16.8849691788114
-12.4282250452073
-7.61474971536896
-2.53536268111147
2.07430991269964
2.41382041436617
-2.27684552091319
-7.62711615384428
-12.5915132398611
-17.3041390330805
-18.342298772517
-21.6088832162934
-22.9048235884778
-18.7477051351665
-14.8327662354223
-10.3396417488727
-4.98619874546145
2.43747687474359
2.20253994101985
-4.01608558727735
-10.0894669408043
-14.5497730370545
-19.0271407184609
-22.6765988094872
-14.9312437660813
-22.4564054890643
-23.830686067099
-20.2586768530635
-16.6651714389263
-13.0184252568209
-8.79548946408718
-1.48973536716688
-1.44984956732385
-7.65594864414129
-12.8652624991939
-16.5472149666977
-20.3692597213802
-22.983942766193
-16.8353612776958
-20.5089151363907
-23.4150390300018
-20.0513254253625
-15.9292003572767
-12.3462043391525
-8.15434615035635
-0.542690759732862
-2.82309139973881
-8.89728004040588
-13.65050406728
-16.991550310406
-20.9852398941526
-23.9504656214551
-17.0031046092865
-20.8853512020768
-22.0791701760826
-18.0582994688546
-13.5933171999011
-9.00130236111607
-3.80811424462952
1.49559606854537
-0.789609237295806
-6.51162171996651
-11.6291585015364
-15.7950274916499
-20.13580684301
-21.1412526790973
-15.6438634155396
-19.9749443585502
-16.1499136941998
-11.7178896543953
-7.10205263847852
-2.13709719340717
1.57463597388566
0.329617777157959
-4.45212085270242
-8.96924779009188
-13.749442480697
-18.3572268559659
-19.7171739771995
-18.0310193531759
-14.3912921190601
-9.99748010916674
-6.015425497586
-1.89424000265506
0.865050401793605
-0.126744509409246
-3.90782142957346
-7.85224483284425
-12.0910967163924
-16.6233246482905
-15.6124057155898
-14.5029290099596
-9.05847724233708
-5.35577051656747
-2.06304996724621
0.525553485327896
-0.391334632877632
-3.52393616608974
-7.24523088596957
-11.3590021872242
-14.6780203737173
-12.9244784383319
-7.84866884140838
-2.11020211561505
-0.25094281965821
-0.722502508302146
-4.23540577918601
-9.32338946021161
-14.390610822126
-14.2709294542474
-10.0927694694619
-10.1583357795526
-14.1603547537199
-13.5005105031644
-7.11649552688641
-4.30178194899058
-1.70648093103871
-1.79543952990711
-6.57826855516143
-10.8924231395479
-12.1013018463359
-7.46802088394268
-3.89177852087073
0.0858375646127012
1.55457006331415
0.217134078242236
-3.21390611123685
-8.29255637679064
-11.1431574067343
-15.7171378745338
-13.0423434028008
-8.24245190132862
-3.5270689931828
0.275832626533607
2.12927816788247
0.524516055856528
-3.47562374477388
-7.94293047769106
-12.3437472238854
-13.5357967914979
-18.9010262013274
-18.1304183496357
-14.5293037487676
-9.44040337223148
-4.43349336417926
-0.111702778316146
2.64806194481368
0.523561862300983
-4.82145598844006
-9.21803235713893
-13.6284855658099
-16.9240717915383
-14.485947839678
-20.741391789418
-20.4476594628031
-16.149087733036
-11.3449867154595
-6.06068635859944
-0.44162788236227
3.58071842567109
0.351565444033596
-6.39481701230334
-11.2881887600411
-15.4828413742606
-19.6746181938457
-19.8998901078872
-23.002624550843
-21.1185754589031
-18.0499156188735
-14.1513673588558
-9.54328516050038
-2.87513229648496
4.12154606834942
-2.31638689180214
-9.09705817117601
-13.5302099597132
-17.5745271940093
-21.4162454906466
-21.0060807910193
-23.6616967446556
-21.1441903633208
-18.5736771292654
-15.01517951469
-11.5142177051793
-6.7388213870481
-1.17958393571432
-6.70578432221335
-11.665988150258
-15.6595255073525
-19.2781928890452
-22.561148751169
-21.5354194279852
-23.3265341927715
-20.5443833385984
-17.1966074223268
-12.8118750315866
-8.74868662519814
-2.84991294504467
0.284204374715478
-4.40984604039127
-10.8047602519567
-14.8219708398166
-19.0034253220092
-21.3641500325324
-17.8905162898029
-21.0389278526753
-18.7374175765511
-14.7384282326212
-10.2915348926186
-5.42896040809685
-0.221662781750116
1.74710839887838
-2.22977621557915
-7.92713336663247
-12.7259140757714
-17.6208761193085
-21.4566093581553
-18.6231534698654
-18.7544521740218
-16.9428085446146
-12.9409309393459
-8.67070073575483
-4.08403956396478
0.303281001727416
1.05281134729703
-1.54321269077285
-6.20902641981625
-10.8083452659167
-15.6670632655837
-19.7077766705747
-15.4821849003028
-17.0158601318232
-12.5211355786701
-7.30304363181023
-3.53733040307461
0.00170766687765322
0.583773058842494
-1.37106156431726
-5.61915622689787
-9.80744720442637
-14.4154609510055
-17.5733330909786
-14.3860374573364
-8.52031819761678
-3.87877704254922
-0.310423598142695
0.153397710292499
-1.63876512622498
-6.51436493939584
-9.9626266711094
-14.4437118949494
-13.9218050053399
-8.24237743691455
-4.8977358185159
-5.20061865040468
-5.79282354086284
-13.2632640119533
-14.8453408392573
-13.8538681905645
-12.2706840133087
-6.79468438814854
-8.76696309317905
-11.8077001235415
-9.00596720841232
-7.02348864516387
-2.83864259059539
0.517538759893993
-1.69986171258189
-6.29061016349631
-12.1268231247916
-14.4301331285957
-10.2651327016234
-7.44170849150033
-2.77223996631455
1.08648351363291
1.61217968850619
-0.692453314369063
-5.70347221442346
-10.6958786371709
-17.8643714168275
-15.7786603727846
-11.4677768143769
-6.52083606374441
-1.98090538656108
1.9076730632691
2.23011811807686
-0.871987838722155
-6.5457921616387
-10.7090308798279
-12.5503455503827
-13.8428340079617
-17.6392857190392
-17.8593082113196
-12.9067768421129
-7.89426659846822
-2.53536268111147
2.27812103783249
2.41382041436617
-1.71996411994912
-7.65929872632858
-12.4075446010366
-16.3834051590716
-18.0807199898184
-14.9275013200942
-17.2691631578434
-18.5938030217461
-15.1503558775751
-10.3819170324355
-4.45655152912924
2.43747687474359
2.20253994101985
-4.01608558727735
-9.93601129513612
-14.3145441033447
-18.1780760840967
-21.8029353926008
-16.7526204126435
-21.1349138437945
-16.8221262343286
-17.9134915136972
-16.6651714389263
-13.0184252568209
-9.12682820508738
-0.708147687479845
-1.44984956732385
-7.43847980790663
-12.7266258015008
-16.4779692378347
-19.8923782458242
-21.4538867689913
-17.7121072574063
-21.6835322465783
-22.1238437780623
-19.6213041877325
-15.9292003572767
-12.0929110497182
-8.1324239152609
-0.542690759732862
-2.85901264936426
-9.24571375198845
-13.65050406728
-16.991550310406
-18.1689080769677
-12.9630608978118
-19.6865843028815
-20.2214683030147
-21.0410945399856
-17.6607744091336
-13.439861554233
-8.80128495267281
-4.26316735288127
1.49559606854537
-0.42586183054641
-7.1261588180828
-11.6291585015364
-16.153185094391
-18.3777310607957
-14.1946719471526
-14.6808920545156
-18.2430877860097
-15.7194991399897
-11.2574964927543
-7.10205263847852
-2.13709719340717
1.68969245537483
-0.00214029940817717
-4.63739942445562
-9.52381712593033
-14.2567537145767
-18.1160172453144
-15.2810840546797
-15.7130232277803
-15.5697949299117
-11.0250686402354
-6.48639416191126
-1.64753501248939
1.03007477608753
-0.126744509409246
-4.05269587945056
-8.36132502076848
-13.1309355709015
-17.284789975983
-16.0882262786495
-13.0018287434702
-6.7958212032552
-1.28434889558278
0.652217371913395
-0.183367928303577
-4.30363447473587
-9.16242586440059
-12.0853338233686
-16.7058167425002
-12.1827930329806
-6.49143381587966
-2.13049438724525
-2.30323604095893
-5.7534461753466
-12.0430780848314
-12.1148976478388
-14.9008610646874
-13.2087320183974
-11.8109875380262
-15.8208008472355
-14.550747183242
-14.3267590716671
-14.9159314637554
-10.0724580105774
-12.3350777516728
-11.0848890994065
-5.33772636445031
-7.1747391439932
-9.1328540433801
-12.5830350463928
-8.97312545946215
-10.3692953039605
-5.49221422161373
-0.409093568068236
0.602226928221823
-2.45730078177142
-7.38059125634483
-11.1431574067343
-16.4130078510523
-13.0890116348551
-9.18669813260903
-5.9647852585963
-0.684055681722201
2.24117210914152
1.07739379980969
-2.98313288635365
-46.303343265118
-13.1674657575495
-16.3970101939586
-14.6665586508657
-10.1704260367924
-4.72361210570549
0.218665787152584
3.06241960399266
1.20123493293311
-4.1304823243609
-9.4565442219262
-10.4370830223786
-12.3824135035703
-14.0399803161782
-13.4318189920935
-16.2552132469114
-11.8204351523412
-6.30662172729458
-0.44162788236227
3.58071842567109
0.612768282730809
-6.39481701230334
-10.9692408018745
-15.1239573292034
-17.6940403110246
-16.3337249624043
-20.0966861761277
-20.3416112078795
-12.3150805963555
-17.0931666158281
-14.4646318336653
-9.8535665592039
-3.66044601488016
4.12154606834942
-1.89137414080335
-9.09705817117601
-13.354027774941
-16.9859691391745
-20.2896067252282
-21.588081405021
-21.6137418677012
-23.0005756782734
-18.4693319094754
-17.5592452719263
-14.9679782899031
-11.433196116831
-6.7388213870481
-1.17958393571432
-6.70578432221335
-11.7360127410577
-15.3649653644933
-16.0817014031929
-17.2499153418303
-23.7165490541017
-16.1329544432367
-18.1139154771251
-21.5748004712895
-19.7171007036981
-16.3996162155881
-12.5033731485731
-8.27363726257409
-2.84991294504467
0.117038935341134
-5.69131611978814
-10.8274687916532
-14.8219708398166
-15.9302687798658
-19.6738244855674
-19.1092619306515
-17.0308933273943
-14.4397789050137
-9.91245574589752
-5.42896040809685
0.154422594335341
1.74710839887838
-2.22977621557915
-8.17254074025078
-13.5301517785709
-16.2656026078666
-14.0280298919973
-14.2007551944527
-13.5204260383427
-9.14699098833345
-3.9137958104368
0.55667466713918
1.33934922263806
-1.90967846954283
-6.68682152881375
-11.8094211019001
-15.0102005198288
-13.5279904506707
-15.0472296981903
-15.2502474800405
-11.4412373160966
-3.6630342231933
0.195314124986403
0.538939668296285
-3.28248073713123
-9.19094632076136
-10.8710029613567
-13.9119355609315
-14.7716515172118
-16.7927716215028
-12.6937637313046
-8.30666059005733
-3.37604655926192
-2.62379334007255
-4.41483212584243
-10.6582091199621
-11.3552959396345
-10.9493720427575
-13.9251527079406
-10.1100815307171
-8.32958456628515
-10.0642941085536
-13.2632640119533
-12.1317748909294
-16.6716798009057
-16.7603570050705
-14.4793366077332
-15.4506654854221
-15.0694190360921
-10.8108751010361
-8.32115822987257
-10.213457864059
-11.4216819268909
-8.14484346635687
-7.98105608372944
-6.84508642159291
-4.99474475899034
-5.41536284035123
-9.60109242981925
-12.2141607200519
-15.3152934360624
-13.5517203455688
-10.9707889328105
-8.5121339656964
-3.28953187657414
-0.547327400428648
-0.550460808208207
-4.72364147756069
-9.12459682149473
-11.8743578219139
-14.4288540013938
-17.0671278264058
-14.1598309990738
-13.2197278996093
-11.2759679239427
-8.09991217790737
-3.61925911249045
1.54914294530899
2.43932415469612
-1.23148002789008
-8.18253427892692
-11.0289628461799
-13.8428340079617
-15.4780120526728
-20.7200420142101
-14.2139856924456
-11.6036314764222
-12.7053131905711
-8.3452205032017
-3.00171895574915
2.27812103783249
3.02579760004076
-1.75883596280852
-7.23065425026096
-9.84260798617968
-11.8235802592181
-14.6683515308067
-18.135207368889
-21.8231946284681
-17.5216323477406
-14.2037737623273
-10.3396417488727
-4.98619874546145
2.20353226313658
2.95626042389947
-4.01608558727735
-9.78255564946797
-13.87457887548
-15.4474361029773
-16.4002811594414
-18.0208494816593
-22.5655356486804
-19.7233725698431
-11.4322355953318
-15.5614983869267
-13.1723009645799
-9.12682820508738
-0.708147687479845
-0.967560395223958
-7.43847980790663
-12.6321007803464
-16.067111246581
-17.6868664270315
-21.0663298081293
-17.7121072574063
-20.5089151363907
-21.2705441074773
-17.7095977158571
-15.5881595133634
-11.8529489860436
-8.15434615035635
-0.542690759732862
-2.85901264936426
-9.88672971772334
-14.1220211978966
-14.0249308554614
-12.7636705503587
-21.47052126176
-22.1272957290782
-18.3105714716642
-16.1047325421666
-13.1110280278012
-8.80128495267281
-3.26905133177744
1.49559606854537
-0.789609237295806
-7.98692458514132
-12.7166745651215
-14.856073776356
-17.0601906436938
-21.9697060621541
-16.2502266839016
-12.1907791420018
-12.050299308209
-7.46666989466362
-1.81325528598418
1.80125262770377
-0.227485408019138
-5.27808961165259
-10.009065294789
-14.7565252910528
-16.1104860778598
-19.8358070849013
-17.2875061742911
-15.1596579638192
-13.824596910919
-8.31071986976971
-1.22497364471845
0.768009913740922
-1.01045190632733
-7.10784236656459
-9.31038437429001
-13.2412858166861
-17.1491577668596
-17.447881652336
-15.8635726361295
-13.0718392337155
-10.2306720483232
-5.38317305588108
-3.74532855361686
-2.86987195737972
-8.45896267490399
-10.8844204793528
-9.50155878497898
-13.641110615837
-18.6822509102291
-15.1500174061731
-11.2938943123246
-8.43808973615397
-9.31374466005149
-9.99666450953646
-9.42084957500678
-14.1216951537491
-15.6329380686572
-12.892983740483
-9.70310976770993
-12.6559553089351
-17.8429437890335
-12.6570412658688
-10.8155520366955
-12.3306786653739
-16.0512107183443
-17.0372820945284
-10.677499144996
-7.23118874257759
-7.1546860943575
-10.1208899110221
-10.8842627518565
-15.6430482256773
-16.6562484759531
-16.6576313383251
-11.0709052253735
-7.53455874378919
-6.73265143314036
-10.0211304771684
-19.4378858170098
-15.1198487869212
-10.0274426802898
-6.89743727393695
-9.36149837832393
-5.25843233121374
-4.99325191410633
-7.42656914632105
-10.7588427512452
-12.9982769927231
-15.8905968233188
-22.0774533176088
-20.1190740807385
-14.5674396524596
-11.9739580514997
-9.86785285670063
-6.27620394402882
-1.25297051108449
0.740885625131657
-2.98313288635365
-6.0124988717433
-9.01029283655596
-13.7975580104834
-16.1931499910591
-17.4901884418158
-22.586127826293
-20.5868739811523
-13.5472221704644
-11.7253821773363
-10.4237868439047
-5.99097292395168
-1.05561296536964
2.50222177491631
1.26358720906756
-5.78424119885915
-12.7432096079241
-15.0753577252547
-17.1755281922301
-22.6851757847493
-21.3658336758113
-13.7996575630647
-10.6758108823388
-11.7722330066666
-6.79184556282822
-0.44162788236227
3.69136149943771
0.639444317321163
-5.11495015391102
-9.00449485582953
-10.846721738633
-16.4166598292332
-17.6295856258561
-20.0966861761277
-22.2759378151516
-17.4220025975489
-13.8079490843322
-10.3140635556924
-4.16439064700542
4.12154606834942
-1.13135133901727
-7.26804221953209
-12.1089083010471
-16.3133313622204
-17.2073984429565
-15.1384406406027
-18.3387103458498
-18.1493369971296
-20.0126464114865
-19.3941255592308
-16.2000097019592
-14.6253323618207
-11.3599206933574
-7.4615215252225
-1.17958393571432
-6.70578432221335
-11.8093718361812
-15.0742306780349
-14.1991481252635
-20.1752633626396
-17.6398958322921
-19.3412755169557
-18.4305850623616
-14.9047676623328
-17.3916717845877
-15.3316109579135
-11.8685556255217
-7.77219626869315
-2.23405908460679
0.117038935341134
-5.69131611978814
-11.6881868023328
-13.1267179425608
-17.9341138278451
-21.9328534992676
-18.279630459023
-18.6217904184721
-19.6904700201407
-17.5393327907624
-11.6402221441522
-10.0846382154705
-5.2891049272469
0.513413180598732
1.66084153557347
-4.09622137394122
-9.1948058712647
-12.9586026127079
-15.0422685374285
-22.8339060318311
-23.2848590819691
-19.9573671179045
-17.4677243903296
-13.1813613684751
-6.41273090686538
0.0957770817397749
-0.473837603706937
-4.61454493189271
-9.19955174822784
-12.79084659432
-15.1171378862417
-22.7713792530876
-23.8651870569676
-19.5160195334885
-17.5108694465826
-14.3807353609541
-11.7253321914999
-8.06973292800961
-2.67365846656948
-1.7348335949679
-5.3981743788156
-9.23790922922706
-11.8817083222742
-16.2238530482471
-20.9603417632335
-20.5822947221906
-18.0219022424075
-15.6056782169735
-12.6489581133038
-9.42303204247165
-6.41444357308863
-10.5677348971973
-10.2205091286922
-8.90222494638456
-12.2105951314678
-16.9174336545214
-20.031868666355
-10.7369076049733
-8.24772349372157
-9.96222027387226
-14.4376299814383
-9.96244632907116
-19.0343813959151
-16.5248979432313
-18.1097119753791
-16.4017248227019
-9.09946994080133
-9.27375077197949
-9.2116781284002
-14.3626155143601
-18.6803419075545
-17.3677796391993
-16.0425642929539
-16.0170281459563
-17.1675400491157
-20.8425341848238
-19.9800980885015
-19.33700299482
-18.9347184448038
-20.532985405315
-20.2488027338513
-21.3487084533291
-20.4875972719777
-18.2757648803394
-17.8975522444927
-16.6899633385946
-9.59151990956133
-10.3634804864124
-11.3803334907421
-14.202157890716
-17.3680163652858
-20.3988245676411
-22.0333119928668
-21.1240874908756
-18.7287412422136
-16.9231745723724
-14.0220704687589
-8.04984733695782
-6.23255147015403
-6.84943445976214
-8.38653499796467
-12.0396224597899
-14.6328162403202
-16.1133910648738
-20.1036372343615
-19.8178641639796
-20.2919424032575
-17.4359368668047
-15.5053450885067
-13.8538681905645
-8.08141859890151
-6.51602254258618
-5.8815804936748
-7.79217032792773
-9.9202799967699
-13.3694501255369
-15.5153157402817
-17.7290130252074
-17.8412996948471
-20.2908276228309
-22.1404346770488
-20.2432855501414
-22.4649086853885
-18.9023359930042
-16.9262277015181
-9.20378155776034
-6.57030238181671
-7.05915181545846
-11.0186125543416
-12.4093687635521
-19.2585351635762
-21.4844474476154
-22.0322693914696
-20.8915652844501
-22.8226585274074
-19.2729448142742
-14.2707736136626
-11.7451254460407
-8.19135499623048
-6.17816457460086
-8.80398017191097
-3.97472789242515
-5.23815204180096
-7.23445190938361
-10.99371797109
-14.2770831235141
-15.8430089304222
-20.4346939301177
-23.3798192394222
-21.6248410426756
-19.147098944262
-23.3820460438657
-19.5745937101438
-11.9066438952074
-8.46060259665047
-6.90278735421569
-6.69399087300435
-4.58350617218512
0.121672059830921
-4.10028921719094
-8.17812732560331
-11.3269145454969
-15.7857087400375
-18.9505634111125
-19.5190988445496
-19.5799231000241
-23.1064155419134
-19.7011482882117
-22.9497128362983
-19.8141804473348
-12.094144053166
-9.17731158717971
-9.26799890660673
-3.87876079513627
-1.67912542731033
-1.39029329933167
-2.72001058212892
-10.9509510468356
-14.1812879541186
-19.5312950612754
-21.1340983090525
-21.3074557158806
-21.109893633986
-23.7153052218311
-19.3345381885373
-20.6889118499586
-20.3823901013623
-13.8242642173442
-9.95732614099957
-6.82492463722214
-1.42935519416383
-1.33061765196828
-3.89640601703827
-6.40653144476873
-9.15133123829062
-10.4714028962578
-16.5973419658528
-20.9651879406575
-22.5201585235681
-22.5691062161935
-23.5256830088124
-20.2824113371766
-16.9991989130681
-15.8000031277052
-19.7233725698431
-17.5964824489282
-9.11989352925916
-10.7492155765205
-4.56465655477362
-1.59638905957665
-1.03758729194586
-3.62049474212038
-7.83743161207786
-11.5694362861472
-17.0024869048596
-13.6701292471822
-20.7254696911089
-22.9183325462044
-23.4201477447658
-23.472069454534
-23.4004884404785
-21.1750271053246
-15.6403269157638
-16.6010108555449
-12.0210763275612
-8.03994855589942
-4.82003632013024
-1.80104018397299
-2.80027463111916
-5.38751163506652
-8.35429478797012
-9.76012232214907
-18.2015878356681
-19.6684748307628
-18.4094053932261
-23.4477321605856
-22.7996404062124
-23.5879435247632
-24.0304697487092
-22.7105326216747
-16.9483449622307
-11.8941564342871
-9.30539733455165
-8.53614804304228
-4.92357776126715
-2.75849596841967
-3.89261234652091
-6.64553161171679
-9.1670924523441
-14.4339926352574
-21.397750102901
-19.4536330223994
-21.9988819372449
-23.23466522914
-22.4737965413445
-24.3613795875169
-22.0362028400328
-19.340714124915
-16.3358533327056
-11.8318937193804
-5.51501739698851
-4.77439202213262
-5.02443921680711
-7.11530570130611
-9.70716189467131
-13.355022190869
-21.120096675734
-23.858688586921
-21.7813457793856
-22.6577238648308
-21.2059980991452
-21.3802241505323
-18.7889551223826
-15.7187717082914
-12.5983339341141
-9.35642027422474
-4.91611986975804
-2.25763878371555
-8.03571277433791
-8.34536235227945
-10.9547727649763
-11.522414348336
-14.6854317711232
-20.9181308982011
-24.2871387694279
-23.4876836039122
-22.4835277648372
-18.8052435406554
-15.027889768674
-12.5726218699094
-10.3402832238004
-7.27253089579716
-7.24668841345629
-10.296243516732
-8.49073815380186
-10.2194812983002
-15.9777242460456
-21.0182410487156
-24.1811717052059
-22.3968742673719
-22.865712789479
-20.7053989098473
-11.4080574033305
-7.49572146377111
-8.31925714396179
-12.955246509145
-18.2935236002154
-21.4992772969434
-23.0103980220122
-30.3455692360071
-22.4081899566632
-20.0922504148007
-18.4918655636557
-15.5405293975994
-15.0292957186307
-12.7685598422684
-8.26092612912674
-6.8464742517688
-7.05064906925868
-10.7004485283468
-17.284609540487
-19.4970259326878
-20.9144490728185
-22.2449837770161
-22.3846927293615
-18.6905451229766
-14.9504055575634
-11.9265873679496
-9.26167010859239
-7.67097561673268
-7.59022990950488
-11.6827704727834
-18.4954158548057
-18.7664507336258
-20.0195925137284
-21.4441165917031
-22.6204710195686
-22.7968042239534
-19.9432130416202
-17.2493974449895
-15.2537906559706
-15.4411229165266
-15.3256340077841
-20.2033941090567
-19.3464927804291
-20.6280002897883
-22.2269452416937
-23.2023218830477
-22.7354266630326
-21.0883045443099
-20.3338045375822
-22.4019677901205
-22.107328314795
-23.3931310346745
-28.431597564995
-29.0722532204006
-27.6407310933908
-32.1203859048471
-26.0260340546619
-27.3321990146165
-27.9123197999495
-29.1563137891026
-27.4948659962756
-26.7481384367428
-30.6655178124917
-29.9623176830898
-28.8149868649256
-25.625288691323
-23.4988289514545
-23.8546339613054
-25.8868475980472
-26.1227721107691
-27.8339144471829
-30.722616911253
-29.47599594242
-28.0566728834143
-25.616548862879
-28.445887548646
-28.0473555971243
-23.0132678487454
-21.9073774822007
-21.9439081703471
-22.1585373219864
-23.5386257055158
-25.9323851053895
-25.1078332920868
-25.9358083661101
-26.9044291374749
-29.0085192750501
-31.0252120387451
-29.201811859851
-27.2804361955505
-25.9325479292899
-27.313847172751
-27.0420662537772
-25.6066906382382
-20.9921506231336
-18.9156563231532
-18.626026622715
-19.624363049472
-20.6895495734317
-21.4054964076154
-22.1363513661609
-23.449892189615
-24.3919396295395
-25.750102828072
-27.1274509280421
-29.6369256502291
-34.1559561182222
-31.9412460343245
-29.5474848818404
-28.0546997191812
-26.5547987538335
-26.0847412539927
-23.7099593034696
-19.662408570944
-18.3381602988145
-18.0398157459339
-17.4436779522855
-17.3997711518373
-17.7808334466279
-22.06374860839
-23.7498875449467
-22.1831790606722
-22.7540685056956
-24.741911684607
-25.9135832519298
-27.6777824765299
-29.879078162237
-35.6341739290791
-33.321089047715
-30.7794894653237
-29.6819122007612
-28.329431350993
-25.6632880343912
-23.9019030036865
-19.5206359195099
-17.8323517013847
-16.678757147856
-15.8763864737497
-17.810469428391
-21.0605557959433
-28.6899802018475
-28.3036939781392
-30.2855920399876
-35.5295923225504
-32.794085190814
-31.4481156047219
-28.6821200289084
-26.6726789037796
-25.2089082178364
-23.2132686859392
-20.6683590524045
-17.9776099065952
-16.206756551403
-15.5040171566978
-18.0102631009224
-17.8385665523472
-13.4383925711134
-12.8055182542192
-13.7862294964101
-15.5235504976214
-17.0542794099841
-20.1456665394901
-24.7259726838899
-25.6098426004076
-31.6402166306634
-37.8684427150617
-31.9354917390762
-33.1799266102392
-30.4397456900002
-28.3623762286083
-26.5560201778604
-22.7241038006487
-19.169916422292
-16.9031331915509
-15.9096091738655
-16.4533543811491
-10.7880849913013
-6.53902192373139
-7.2215920897156
-8.84794910807766
-10.4280654654091
-13.0118596064934
-15.90990710534
-18.6485164169794
-20.9202994505346
-23.9231959015788
-27.5153062308006
-28.9844673903353
-35.2055884691432
-37.1997984382959
-32.8575425140578
-29.5754797325559
-28.1404019798439
-23.9551817110905
-21.3913545147491
-20.8758094401418
-18.0967154687247
-15.8017509035656
-15.3844692145674
-8.80131006651052
-6.12177861496924
-5.6780284740272
-6.89636548836863
-8.5098279986468
-10.6441340940031
-13.4162292913601
-15.3857321544962
-18.0455750927623
-20.6622262129569
-22.7342912623015
-25.2695267937608
-28.6044089955281
-31.2543951338572
-33.4174058332273
-39.7647056798841
-35.277995994721
-32.5594044758548
-29.3116534155847
-27.7759873746155
-22.5990248758233
-22.49667021046
-20.6416522477336
-17.7128247103639
-16.1888803429444
-9.52396301732654
-6.24531523532755
-5.23299442640579
-6.9901904074076
-10.4916018924081
-12.7436645026096
-13.9606713008247
-14.6305185902143
-15.5410126645073
-17.3280708459254
-19.6202534168874
-23.3431621207207
-25.2020763862833
-27.5982246962322
-30.1431012044637
-32.6483674652387
-37.7434161964374
-39.5918348762627
-32.6308917927746
-33.5052282696949
-29.050012934755
-27.577805081383
-22.740931701651
-21.5453703509973
-17.8554720669701
-14.1455708623047
-11.7321191332262
-7.86252663080893
-5.18606209890496
-8.82219807464915
-10.8628466376618
-12.1349497356019
-14.5752183405525
-19.5183624506619
-23.0758170132602
-25.5422162371856
-28.2649376862654
-30.7901623782324
-33.392517711121
-35.5973790592758
-41.3254573808524
-40.0150388087515
-28.0520183312477
-32.5776833516059
-30.4216423944034
-27.6403150049969
-22.5813881901767
-22.3653215926148
-18.3631964057374
-12.0158328332011
-6.9855465052918
-6.47330412787802
-7.88741428701467
-5.02886969028778
-5.12498924356571
-8.35082896047181
-12.0099296568044
-15.2625445455281
-17.4901884418158
-21.5282622346255
-25.4422217035724
-28.8227991459561
-30.485132264419
-32.1913281338162
-35.5469781980747
-41.1883213036689
-38.995703441239
-33.2821499243372
-32.9161008754938
-31.1062100408434
-27.0542481415285
-19.8696078539819
-20.6758099667028
-22.6631931062256
-18.4365922873893
-10.3317671803046
-6.80276468160279
-5.76516908753111
-8.52340042597697
-12.8692761394122
-16.8084393195286
-20.4628959390354
-21.5481706891123
-23.121260767945
-29.6548931705449
-32.1126963148312
-34.6069297871714
-38.3684892174267
-39.9029341120066
-42.2257585549882
-38.8360377321054
-29.3796611216369
-27.1762149928861
-31.7390459800023
-30.7452529659804
-27.4086211821884
-20.6190194550324
-21.9636817628483
-19.1726585052738
-10.6758108823388
-11.7532415588947
-16.1420445328722
-21.0569112903677
-24.3765577414447
-23.2650439124576
-26.8427626268005
-31.4102472570199
-35.2575831428282
-38.4307366127888
-40.080523183915
-41.4901201769119
-37.9099361666146
-33.4841784530679
-26.9094965974659
-30.340058793354
-27.8209109152427
-23.3605855648502
-18.7393616201502
-19.0897844502573
-13.5920014355488
-9.48106882894671
-13.7694744184925
-20.0663095987545
-24.552530938466
-27.8571262245839
-25.200385141003
-28.9847197540038
-35.4455904763836
-37.0492984093966
-40.2412008069557
-42.3462459756497
-37.7854078355331
-35.9109408448949
-28.9754958037562
-29.8884699371731
-27.6477766742829
-24.4244564371578
-16.9361403408931
-13.5313362489566
-12.3530314577043
-13.3173573705457
-13.6432896212157
-18.0118376412666
-24.9512886812164
-28.2522557702329
-29.3637392287478
-25.9815114599726
-27.2078658816963
-34.9320243267058
-37.135448758698
-40.3902942589059
-42.9157233691763
-38.1257449234086
-35.1433574450025
-31.928610759359
-28.0050668782594
-27.0192414539022
-24.4626447278788
-21.2254548350901
-14.0943585475767
-13.0511419279425
-14.1043860284531
-19.7878889294794
-17.2094966564319
-23.5665173778722
-28.274076492683
-30.4159754400515
-27.1470768751378
-35.2382153083132
-37.3493549512733
-40.2361060635859
-40.3260822524007
-37.7700290409403
-34.2888220184706
-28.3930035389422
-26.207339962997
-24.2397230178772
-25.9637891987849
-23.9985040025252
-20.9970528097954
-17.1169908308701
-12.8978612231418
-15.3547859343294
-11.8453947541494
-20.1015221455191
-21.8259131053169
-21.2552568323373
-28.5838107116149
-31.7270648510053
-33.1643958091391
-26.7790182951688
-32.8483493460151
-37.6884169380809
-40.8910076945274
-40.4969809720725
-37.9442305764077
-34.848148948372
-33.0488985830251
-27.3986089940044
-21.7928399921648
-22.8321176549589
-20.2065806341696
-17.2924471857401
-13.2902217736408
-10.727726435294
-7.72219108745723
-8.32710603071717
-9.0380828638874
-9.94420263762211
-12.2630615565224
-19.94944737994
-23.8198889131749
-17.8965641977732
-22.0160508072173
-29.1492676111798
-30.8871673760072
-32.9909423446437
-30.342251407037
-38.1491325777164
-41.4920916649643
-40.5470311255463
-38.8034759245332
-34.2829066994294
-32.9020513355729
-30.0447600795562
-26.7495050185275
-23.1872999845053
-19.0806703953745
-16.6338248929682
-13.749186108481
-9.50954027549849
-8.23814998924371
-6.04427525098139
-10.3523755232969
-8.46243236900763
-10.0138408390992
-11.7687830961089
-14.4806968164466
-20.0979913471139
-23.5286914248514
-19.8178366218922
-21.7574363113947
-28.2770136539134
-30.9693738484634
-31.1810522752489
-28.0408151577498
-37.5463460936998
-38.3998526765892
-35.5347401795559
-32.2600712368971
-29.718460854528
-27.0385423725658
-24.0975267476556
-21.166086509052
-14.563806749715
-9.49428901526124
-6.84250479220931
-11.1123959572521
-15.1275018897677
-19.6565473277494
-23.3382899196801
-20.4514525834426
-22.8659744413152
-27.8879832851827
-31.2006061623059
-32.7985210770989
-28.9073250299032
-40.0368816393928
-39.9926803597902
-35.1381838287425
-32.2066593339063
-29.6086138867951
-26.9270935456426
-24.1181387573709
-21.0084983514618
-18.2272811769088
-17.8772584890512
-16.2258407113916
-14.7568560985604
-13.4979872348154
-11.0651345191734
-6.8709882597552
-6.73774643482661
-7.90154974319895
-13.2632640119533
-17.8393476202898
-20.1868596222754
-22.9297584343794
-21.6509111253576
-24.8329248261931
-29.7032889936191
-32.0329890654092
-34.5715631062891
-30.799140255069
-40.7195030511889
-33.6431802639562
-32.0986021137675
-29.9114451163861
-27.6470982852078
-24.6014646910219
-21.6124873730798
-18.750838701152
-15.5669048201375
-13.6974713896927
-11.5037142323696
-9.03325246890923
-7.62945209173235
-6.99720347854228
-7.56490319584921
-13.5030912496625
-16.3508686168205
-17.8991648487408
-20.0265824213389
-23.152952438947
-25.5922787359007
-29.5875370271877
-30.0958560293735
-35.3763069875108
-37.0207785467578
-34.7966377914466
-31.1684023607359
-28.4012777834005
-26.1115174093647
-22.6524107635817
-19.1333651961141
-16.941447615413
-13.7898721711968
-11.5611819701387
-9.39339521819075
-8.0079036986385
-10.931497622072
-16.0409627591338
-17.3089032485241
-17.9100071097796
-18.7036533272428
-20.8452441857978
-22.8806789348269
-27.5141434453443
-28.8170484887943
-32.0603491658057
-34.5992284630686
-33.852217576006
-38.6872318706266
-34.4785461204216
-28.6136997899254
-27.0815961857913
-22.6046190350646
-23.3141215399668
-18.3023443396237
-15.7472942161676
-14.5064053972943
-18.6701895157027
-18.6764486850803
-18.2433354266836
-17.8486121926402
-20.8217295382629
-24.0661896577257
-26.1660886776084
-28.1861637895279
-30.0563707923724
-31.8459709647168
-34.2443620089811
-35.8046067404645
-32.8346609484594
-32.4628935408846
-30.1466432020666
-23.8241986465491
-20.5537179320709
-18.7206340448445
-17.6104041356434
-18.7067200918602
-19.3554450598167
-21.6897144395082
-25.6448512109769
-27.398679909495
-29.0394351898792
-30.8163006161043
-32.5740567608223
-34.6596865252182
-32.6061464950577
-30.2770480305036
-28.688370129741
-30.1043629118006
-24.544908478405
-21.5223060866264
-22.7639440049289
-19.979091227356
-19.2912636970186
-19.9385358867792
-19.136530728
-19.663133879425
-20.5729996507915
-21.14498388552
-26.0648682105864
-27.5004511717711
-28.283460388891
-30.0535344703288
-31.2830748178879
-33.8307825671457
-31.7729035891654
-28.2100894201843
-28.1700506702463
-25.1845059119254
-24.3999200548955
-23.089832293249
-23.2417099977717
-21.6281645178916
-23.1659266701237
-21.3330866649451
-21.7430118206157
-24.1324918743065
-27.7431560990191
-27.2851251331277
-28.9538284327794
-28.7951289612803
-30.371194411746
-32.2852050288895
-30.7336614294367
-28.7183129778125
-27.2403685144033
-27.2488940270698
-27.1861109843872
-24.2577468228164
-22.6633850229222
-25.318501752824
-22.5317491728825
-25.6500568799158
-30.2444850544446
-27.2807571002951
-27.8340966685701
-28.2038332302425
-30.2430657284439
-31.4767623368493
-29.2363039296903
-27.7375723737103
-29.2680504458577
-28.3866817786089
-27.806885111066
-24.2525486420951
-23.6915577551076
-29.5714894127526
-28.8722898337799
-27.9317974062424
-28.7829159798802
-30.341741363503
-27.9345750914197
-27.418805025648
-33.5224058354906
-33.4360588584809
-31.7736158351426
-27.7603759901508
-28.5913293528171
-19.0851271994922
-19.6798293392604
-25.7717052821789
-24.4417850580086
-24.1374823775617
-25.3382941108884
-24.5091667091277
-23.0019397547272
-21.0266785254708
-21.5446522042694
-23.0628182034168
-24.1899432487839
-28.5081173102082
-26.548051119789
-25.0446924909965
-24.0000271810617
-25.5623190934177
-24.9879194549614
-21.8401431501031
-19.7464449118462
-19.4200451476661
-19.8290582098834
-21.1838758400754
-21.8221560948797
-23.9861183575368
-24.993054664388
-27.1748879052747
-29.6395418052951
-27.4176963582281
-26.2492988557181
-25.0009261632368
-26.8692829993865
-22.4965193559403
-19.1526577493401
-19.0156934900086
-18.2344677823507
-18.6431473575265
-19.5796783618923
-20.4513653002443
-21.4003024306668
-22.4377909777376
-24.1458522158374
-26.122807672996
-27.8140819183005
-33.4600485987794
-31.2392505181847
-29.1700279175624
-27.2513293393338
-25.5717296350137
-25.3288131247959
-21.7611791857946
-18.6690687553242
-17.7090086466091
-16.8141117155276
-17.0193054679693
-17.0468967461794
-17.7525874483535
-18.6987561921962
-19.9977001712543
-21.0377722922424
-22.917521083748
-24.923151955995
-27.1192938751055
-29.1854895676034
-35.3228206005204
-33.0265696017948
-30.4039561149118
-28.3203276195362
-26.5378497174715
-25.3077568844621
-21.3247210636726
-18.602946496075
-17.4358522214933
-16.1477049611383
-16.2388573697332
-16.2225333605966
-17.2404751377568
-19.3984055526525
-21.3586455521975
-23.1542050128323
-24.1551216049106
-23.1744277266437
-24.0377477167965
-25.4860770571825
-28.1878560456239
-30.2843867634725
-35.4207208353096
-32.0776252457512
-30.1376117390841
-27.5646573039762
-26.1701532819677
-24.1606912975476
-19.4931633112847
-17.3756579549492
-15.7347367474337
-15.0259511254962
-15.7830950407814
-18.7874922011045
-19.2916123776408
-18.3089503052076
-18.7861164319844
-20.8846655761376
-28.7218034104479
-32.8685329588592
-35.5127075846357
-35.2670903625676
-31.9121544640845
-29.4775422707696
-27.0756134088833
-25.7314054123865
-20.9896120600038
-18.170268051621
-16.1017130495774
-14.644567751038
-16.319574772208
-16.6479342418363
-10.6997199264704
-9.46271139352494
-9.43789166764808
-11.3875722339739
-14.0990948733349
-16.5702777343194
-19.4240985048909
-22.471100150206
-25.6411213237299
-29.6890372470127
-34.5764297134895
-39.4550612781309
-35.7722691821816
-35.441539787417
-32.6856540046106
-29.3374518506286
-27.7960123221937
-23.6798554249429
-21.926658300457
-20.2831650892631
-17.2844191471416
-15.0039040331101
-15.1753495201711
-11.3794079494091
-6.883202106487
-7.27504002810011
-7.65971387492297
-9.17155676063295
-12.2349371798729
-14.0264603471039
-16.5893801197234
-19.7619921771765
-22.6722080130697
-26.1121274082195
-28.6918061257513
-30.0328342065237
-39.1343296759918
-40.0051853632688
-35.623065484126
-35.8542421001134
-32.5649846744331
-29.8493394067294
-27.2116893875602
-23.3336419859372
-19.4545205995879
-16.8277405227095
-15.346495968292
-12.1146408448593
-6.22184703160769
-5.68284611664228
-5.97377671754531
-6.90103559143938
-8.83086299156074
-11.2206015547149
-14.0505098102815
-16.527794268393
-19.1534982925953
-22.6483930526379
-25.7443893168663
-28.6409247497082
-31.6185201662863
-33.9082979838289
-35.3093748910156
-46.9194294005428
-39.3776346019164
-35.3763997028671
-36.5702329710158
-33.2148280545926
-29.9077447065959
-25.6782654309068
-22.2033565122129
-19.5923156749822
-17.0644196457953
-13.3264282810712
-7.48958492976552
-6.42655571076727
-8.85102434759458
-9.12318577354637
-15.4416841102149
-16.6468785046126
-18.7145600919921
-22.1222523987505
-25.0304098800711
-28.6447048150477
-31.6557134956166
-34.7357473688542
-38.8301494816762
-46.7774611351841
-36.9543816004791
-31.3668456898865
-35.8157693627043
-32.7011288903841
-29.5518726993242
-25.5057089138853
-22.4067920961315
-20.8754590750498
-16.8171696983805
-10.1314700367115
-9.10740009917868
-7.93535939103288
-9.32346356906382
-7.70872863982909
-10.8824869918954
-14.8848765819668
-20.7942879050035
-24.3861101150207
-28.1121870940012
-31.6554583881545
-35.3342897418918
-39.3429635114179
-42.9298912920793
-45.8437032831228
-37.4276041866029
-35.2040833226256
-33.1217485545556
-29.7191675360207
-25.2613760281508
-22.3907016673762
-20.1210814830088
-15.5497890420512
-7.2943196405686
-9.92810103279524
-13.6303873345342
-16.8021843717584
-17.6335434362003
-23.20575576848
-26.7745632888189
-31.9690333759619
-35.4769849647014
-39.5037601088595
-43.1185440500485
-44.7388152779961
-37.7369163411704
-34.3545291322738
-33.3922578699623
-29.751960679767
-25.7019733464001
-20.3777235891185
-20.5233248244819
-14.4193946545178
-8.00854429237558
-10.9509510468356
-13.9010249726558
-18.9803559465326
-21.8181887515592
-21.4991978312903
-24.9855686086836
-31.8503852261343
-35.7825213857183
-39.4114497310363
-43.4362172932858
-48.3888366443921
-44.5762367811267
-39.9804537584093
-31.8341017280732
-33.4081869568127
-29.7433067206917
-26.4219814359661
-18.315553892007
-19.9472463900975
-11.5161393286613
-14.0253225606641
-18.407967549793
-22.9187740717357
-25.3338484185531
-27.3189087795849
-29.5742306272115
-35.7908826497499
-39.7307018234726
-43.744095146274
-47.8114925242268
-43.6656139045663
-40.1284098461465
-33.0904334824063
-0.84662024783729
-32.2469589362664
-29.6731126335277
-26.461163069992
-22.0743924058712
-14.7342394912755
-11.3517784257437
-9.54734048870627
-16.7772537623331
-23.4499293489523
-26.750031396391
-29.7062328778761
-25.6791589530151
-35.0797729278412
-40.1296422188513
-43.4342575014446
-47.5948144591341
-43.7511507239849
-39.8572486266134
-35.0293481580255
-29.2574664778264
-29.3940028127503
-26.1713573143384
-23.0060183916852
-16.8004898461866
-10.5961020601073
-11.8896365381289
-14.9249656976756
-21.2732329468018
-27.2061324720981
-30.4704300411237
-31.8439496582509
-32.1552428544139
-40.5330077578231
-43.809975662999
-47.3513597131386
-43.4950857325186
-39.015305656611
-35.6776907459175
-30.1474238772468
-26.6886349167505
-25.747983065579
-22.3758383690709
-19.7743634934423
-13.7480723020386
-14.7749796257625
-19.6728978616702
-19.8594593100362
-26.9187878384788
-31.1411063702615
-34.0521920659023
-28.4422042308596
-28.6474061018655
-41.3635128235526
-44.1448176606293
-43.2128119337283
-39.2960543741638
-35.573375465853
-32.204873558342
-25.3416896209385
-24.0930110713208
-21.7136602509166
-18.7393239279913
-15.9412531009875
-11.7278530036519
-14.6259731047581
-20.7644920339709
-17.3287088383478
-18.4679905435504
-26.0954570182733
-30.8076201853934
-34.5468650485243
-34.7849080405259
-39.0850400684727
-45.4430640647443
-42.6079942634203
-38.9712144445825
-35.0137696411976
-32.1003279116475
-28.3981503731107
-23.8246763097052
-19.7799009885645
-18.4388616333585
-14.6420587957418
-10.8775112457024
-8.63460262284078
-10.2397679457316
-16.117920195603
-21.9790623864112
-19.8973419634302
-25.9738275805455
-30.9201267956527
-34.3454348742348
-34.7679324435213
-38.728506106268
-46.012671912408
-42.7573018272161
-38.8510516507439
-35.0904989241508
-31.8479904620479
-29.016550188738
-26.1176836770227
-22.6300571161726
-16.1605141963096
-13.1339733408184
-11.4866310978709
-12.6248514947439
-11.221318227006
-10.296243516732
-10.6060720413224
-11.8641895964872
-13.3068385918343
-18.6020102390859
-22.164745408512
-21.8577613451845
-26.4132444390941
-31.3248084468965
-34.6964085976189
-34.791869288026
-37.6784496902186
-46.9556946957792
-42.3156332172683
-38.550621036871
-34.5221673506143
-31.9074104880946
-29.1002073135242
-26.0283905523124
-23.2869636108966
-21.2621827401175
-18.181656277237
-17.6243556126918
-16.9159716451466
-14.7966309273451
-12.4208112880022
-10.6401430465031
-10.4258313696515
-8.42002713321699
-10.7734727744262
-15.9449579898661
-18.983196612879
-21.7429784875596
-21.5782861456112
-28.18043536836
-31.2032130193542
-34.5539119816911
-36.80288721634
-31.2923856654423
-36.3267877911034
-36.9737035410168
-33.9767706282967
-31.7389318450314
-28.9193769516874
-26.272286231205
-23.5755235274311
-20.4062473592768
-17.6630434179807
-15.1325209433284
-13.2765258096004
-10.4169699879579
-7.60518021396222
-6.68526711713602
-6.76473518301359
-9.61645261393338
-15.1055865538531
-16.3719659044389
-16.5869756722815
-18.9046911567151
-21.807692135318
-21.5576984290593
-23.2167938405013
-28.0678771272822
-31.5372612106922
-34.5337328281376
-38.1816639501461
-33.1663262211584
-37.924535529217
-39.540175867976
-32.2864797518314
-29.1689234916798
-26.4354146228466
-23.6028704060806
-20.8011901313109
-17.41604935098
-15.0239848875848
-12.1728419460247
-9.9197766156324
-8.41085179926002
-7.71361690099124
-10.159381650066
-16.891209174368
-17.0665781356492
-16.8356370510447
-18.9538594214011
-22.4406895416656
-25.3791018953643
-29.3597669044466
-31.6443409231411
-34.6076994552262
-36.9583320938032
-33.4283293177205
-35.4226346136266
-27.6676943831456
-24.4595349098929
-21.603290807091
-17.4997587598862
-14.4323367280409
-12.1712652430642
-12.8841522933468
-13.1081445490584
-17.234705872589
-20.0065339963364
-17.0428181608556
-16.589760352885
-17.7714217470229
-19.8322883087865
-23.2953225035721
-26.7119501241932
-29.2269743315323
-31.4580795080248
-33.8174800830692
-35.8653812368293
-37.9159708748383
-33.6504606656013
-32.3574251871907
-25.8781806056811
-23.8211723381964
-23.6218671881941
-19.3878952676798
-17.8465978213248
-16.3093168310321
-17.2111677370494
-18.9114137152878
-21.644416266325
-24.7905470099857
-26.5597486745533
-27.3625439238527
-29.0357217801735
-31.3636635447344
-33.8511264195304
-36.3295860996537
-30.471373460338
-29.7963760499523
-27.112920705681
-25.0406624981432
-26.6476734584072
-24.9444958982654
-23.9102763869166
-23.0440021420844
-20.3826485150661
-17.9437942392707
-17.213332558385
-16.9237624151042
-17.9328720112531
-18.6660850417878
-20.4588713957821
-25.1532928124196
-27.4374845115092
-27.8651354997834
-29.8505221753673
-31.8349986401765
-34.0164524583298
-29.1179580928806
-27.905216600054
-25.255769518398
-23.6971641073984
-21.8498258683376
-20.9064832112325
-19.6175637424678
-19.0317683062118
-18.4001618134584
-18.7008661714807
-18.4780327749915
-19.3966924055349
-20.2530170128751
-24.341776206962
-26.9957315315803
-27.1334401560235
-28.3675253750567
-30.5102504418044
-32.2863026882835
-27.8264536107701
-26.509008327105
-25.0619631892692
-22.9047055127149
-21.868791879818
-21.2440618541528
-20.853593184797
-19.4522465117844
-19.480423281604
-19.2997762383933
-20.776374095269
-25.3530254467905
-27.8570408311784
-26.508530228954
-27.7607024990123
-28.8423268970202
-30.9197453154692
-26.7953768988706
-25.4404321345665
-23.9428530413461
-23.4690636571391
-22.6573210702053
-21.6199517522546
-20.2586007652232
-21.6834550692076
-22.8037313730744
-29.5121832222941
-26.1464769683018
-25.1603422045414
-26.9205486538492
-27.9324129503544
-23.6207017008115
-23.1140762740748
-22.542528024023
-25.4713456899581
-30.4689067151678
-31.5900658556654
-26.9325296116232
-24.5921056644528
-25.5865353119194
-23.8996830061482
-23.9137602523644
-25.0468233032192
-32.1721390412528
-31.1008849810575
-22.243653002037
-24.9021371371128
-22.748042943914
-28.3331397860588
-27.2830122540183
-25.2768854964556
-26.6532341109898
-29.000177342496
-23.4264002216007
-22.5177266599127
-22.9994818675613
-22.8994066279254
-24.5281204456269
-26.1227721107691
-24.419205002388
-28.664595789525
-28.9073496525211
-27.3762272469843
-25.535249957789
-25.5888690970201
-23.0064852805602
-21.6614561331957
-21.9073774822007
-21.8481927836117
-22.3311398289681
-22.8251226198813
-22.8391369454108
-25.1078332920868
-25.6267630877693
-27.2037787238883
-29.3183600225924
-30.6808166340816
-28.9151929816643
-27.2804361955505
-25.941093578482
-25.5568816543311
-24.8415838635141
-20.8817270268134
-19.8205626961495
-19.6858988451502
-20.4596295891446
-19.9666088567248
-22.1153631955878
-21.774610176203
-24.1232108601209
-23.479828343022
-25.6472264823118
-27.3473681917345
-29.2895882669203
-34.108245829978
-31.7969091824116
-30.0106603806099
-28.1330197019969
-27.1778425334961
-24.5957786692648
-21.0645827526858
-19.9716938644052
-19.4998822223021
-19.2937534886569
-18.2185982684764
-18.1306089949616
-19.2220924072227
-22.06374860839
-19.4070459064843
-20.11897162676
-21.2218747239438
-22.8692729202897
-24.8421876657227
-27.2389449441973
-29.879078162237
-33.6391739202302
-31.2584069671676
-29.6819122007612
-27.9404529352281
-25.6708646507725
-22.2841202634841
-19.5937643076979
-19.2234420556927
-17.4135776425102
-18.1829151969115
-19.9387756504448
-20.0452385218983
-20.3713948056961
-26.419469709863
-28.8920820361201
-30.7516260988731
-35.4315531067661
-32.8588576909995
-30.9799943332655
-28.9283868584754
-26.9955504256475
-25.0250502861395
-20.3492024211951
-18.6069388871054
-17.285387190402
-15.8630667317186
-18.0102631009224
-17.718409394316
-18.2044625294588
-13.4508992987276
-13.7862294964101
-15.5235504976214
-17.8572347798095
-19.6133153869093
-22.224813077316
-30.4625576651658
-31.1564248478505
-36.6957911112808
-36.3853591439223
-33.1799266102392
-31.1836457294625
-27.8136714431151
-24.5221517200191
-22.7241038006487
-18.9512221291772
-17.6287557528444
-16.7224446893996
-17.2217051083332
-15.5231734092733
-16.6460033349123
-10.0220842414613
-12.0508982098883
-12.9852462169107
-14.3768804640344
-17.2178317773652
-18.8107358130066
-21.6675705052262
-24.1055921286719
-26.4670414337979
-28.3432772928845
-36.3407644603811
-35.5416509897636
-32.8575425140578
-29.5754797325559
-27.5601734994052
-25.5758095061603
-21.1428715186798
-19.4921085601317
-16.6981738007
-15.3844692145674
-13.6534753982571
-10.0280859175588
-9.94326003919551
-10.5714992746027
-10.0642639839521
-12.4410952556393
-15.134166514689
-15.8945412630399
-18.1158643024003
-20.6074015458973
-23.6862573705179
-25.3102212701759
-28.209748707946
-30.3876233264745
-41.8859050216825
-34.6631348131098
-32.0722505690771
-28.6802928344699
-25.6993141213803
-23.4225542884116
-20.997790858629
-18.673822151505
-16.0641503258006
-13.5005105031644
-11.4951797104031
-12.1071160238172
-11.2441544183422
-12.7725288109101
-11.8405391068953
-11.3723848921848
-15.2893966518977
-17.0063532544483
-18.2554129425799
-20.3139735123187
-22.7595529666959
-24.9732058038626
-27.9386450318571
-30.6207957392445
-33.6658866469877
-38.6842094578387
-36.9095303581357
-34.6258203205274
-31.8468583472041
-28.3910064713779
-26.2898707738517
-21.4985073698502
-20.8292600086533
-17.8709171464631
-14.1455708623047
-18.0776197244988
-19.5183624506619
-22.4772191040434
-25.5242044661049
-27.7474312211584
-31.1885564433697
-35.1821084580279
-37.9393439622291
-47.1878075422304
-40.0622553436733
-34.7378298980736
-32.5776833516059
-28.779139757278
-26.2547929943236
-20.580341457026
-19.7862394095464
-14.5674396524596
-13.1674657575495
-15.6098004209085
-22.4282630352378
-24.6913532234326
-28.5779752558789
-31.3265808375998
-33.0383869581927
-37.7266396209142
-45.4242232729837
-41.0037089616707
-34.1782960011139
-32.0148981304614
-29.255736852505
-25.3546027931247
-18.9089050062624
-18.4862355565238
-14.0416149629085
-16.9049043309246
-19.3589578546022
-24.0608998790295
-26.8526939845408
-32.1126963148312
-35.3855566105005
-38.0320610947142
-45.1575663666497
-43.5390675107755
-39.4676424526588
-35.9615787996746
-31.7307696486405
-29.0600807068309
-26.545415444058
-20.6190194550324
-15.0144349205953
-13.9551634908193
-17.216186234457
-20.2298253189226
-22.2500881155469
-26.6749990875069
-32.1694085240563
-35.4477183278185
-38.5700590677294
-44.4841399698734
-43.1051059275509
-39.2798889528593
-37.1906573938134
-31.3595490436569
-28.8201548837535
-26.1955099598707
-20.2841692371792
-17.0580270242127
-12.9258487840893
-17.7765868107988
-20.6792150776988
-25.4940023773953
-25.200385141003
-32.3819407791913
-35.3762895641003
-37.9509225973417
-40.2412008069557
-43.3265877839578
-39.7849700263419
-36.2328014048784
-28.0197853332608
-25.8030776621302
-29.2157796223064
-25.993326718134
-22.3198304851223
-17.9437857499332
-18.082288040555
-21.1735251818866
-25.1838762788933
-27.3923549214563
-29.0782822803587
-34.9442784375041
-38.1756765570891
-42.2039314418715
-40.6870808304515
-39.3714271224604
-34.1482082681512
-32.8260289879601
-28.0050668782594
-26.208123456962
-23.498022252079
-17.951229448627
-14.0943585475767
-16.6062269734639
-20.6038206070176
-26.5047574828029
-29.943908623486
-31.0810068527564
-37.1834613331959
-38.033389931432
-42.3868221191781
-44.6808750266921
-38.9344067201388
-35.1980745274544
-31.9092207112206
-29.141809739705
-25.506538718584
-23.300551259135
-18.2267330031003
-15.4055799759672
-14.0280298919973
-19.4106077306912
-26.1836465960304
-29.8912038524466
-29.3864305958982
-37.0779286872922
-38.3669579067135
-41.9588100179667
-43.4939091475787
-39.510924677791
-35.4039095093152
-32.6134170487168
-29.2084129173828
-24.5451676206635
-20.3173059013931
-18.0002887959486
-15.7294349948135
-13.1935858423125
-18.4182020116837
-20.8255988806567
-24.9418583550615
-29.5998388007446
-32.9909423446437
-30.342251407037
-32.4692846420071
-40.4298881903012
-44.612073370007
-43.2801168728209
-39.0851333016985
-35.7752492977671
-32.9020513355729
-29.621501416848
-27.0935754587489
-23.7022267978894
-16.1544059461453
-15.2502474800405
-16.1528321338666
-19.4495405119962
-20.0020675825405
-26.203138047229
-29.0855325060872
-31.1810522752489
-29.9033762033746
-40.4210944896665
-38.386873650608
-35.2053892698807
-32.3116612911027
-30.0982433381624
-27.4718056269258
-24.0581041417861
-21.3362603429663
-20.0852848769789
-18.3794260019776
-15.3259234002591
-17.5443581831888
-18.5198802938205
-22.0397766738288
-27.1180536916318
-30.2926190006956
-32.7985210770989
-34.0165606226178
-39.698751287031
-39.6135563709668
-35.2232729783372
-32.3553042554562
-30.2475733663879
-28.0449794130656
-24.7078239547509
-22.4682935967168
-19.9042074692696
-18.5548367238615
-17.6905172955719
-13.443231104486
-13.4979872348154
-13.0798877230869
-13.7053256742763
-13.4930774015195
-13.7698326218175
-16.1833427527368
-17.2360903266154
-21.2961379500145
-22.9196545860318
-24.1270424725461
-27.6249026701537
-31.151421719768
-33.7934440188017
-36.1702044684162
-43.21980145197
-33.0924983765054
-30.0437176183513
-27.8448972209908
-26.0852120456691
-22.9043138700666
-20.0268471342862
-17.2038813459801
-15.6507104585622
-14.1874503536923
-12.5841217503478
-13.4546546300901
-12.7964065229493
-12.9731127996319
-17.1384453029428
-17.1562412301622
-18.5429217291725
-20.7005291589321
-23.827352674599
-26.2334642927164
-28.0574471712005
-32.1429925054972
-34.4673123906422
-37.0207785467578
-37.661803965466
-30.2682764429223
-28.4387749008193
-25.3023074453117
-23.6066382969129
-20.2625343464825
-17.82229984395
-16.5353648078555
-13.8269948217579
-13.0727682282809
-12.5634042318168
-15.1156465978247
-18.1327625453676
-17.3089032485241
-18.612909566474
-19.8651780746216
-22.0036008419992
-23.2612809549817
-24.0929825598924
-26.9190605600268
-29.4021370573713
-30.6433901069016
-34.0869650298297
-35.8097507970248
-39.4237914711655
-35.8579729555962
-32.560991479726
-26.3311847807765
-21.0308467608006
-19.0496671310766
-17.694615851039
-17.9384991685854
-20.3788545169222
-18.30292259574
-18.7250520934917
-18.6886952273735
-19.6820258444992
-20.8056621563714
-23.2990630307135
-26.0101017296867
-27.6655138706878
-29.3995878801255
-31.8459709647168
-35.0951113913133
-36.5497047804253
-33.3101053363109
-30.2148733204914
-29.4505924694848
-28.7670609059707
-23.41687128764
-20.8450813491442
-19.5485657926563
-19.5854328529033
-19.9770472865759
-20.7705048949842
-21.0942213808819
-22.9720298894355
-25.2143957601843
-26.643877842827
-28.1583348090068
-29.0394351898792
-30.7551110752235
-32.5740567608223
-34.2499189245199
-31.717199137783
-29.0736714502717
-26.3586906409697
-25.6429927387871
-24.544908478405
-22.0633906297652
-22.7639440049289
-21.979746145263
-22.1083702361088
-20.8852800204732
-20.9174365526193
-22.1548995719055
-22.6961822030489
-21.5935513890511
-25.567464163587
-27.5678837520139
-28.5460531206998
-29.8654689820062
-31.2830748178879
-33.0788638939869
-31.3625030685296
-28.7926929957203
-26.9857038029433
-26.0028115635448
-25.2661449483678
-22.4348449927577
-24.1015265321105
-22.5494814690445
-21.2920198819847
-22.2651398553537
-24.3393120670073
-22.5049985893466
-25.5189940429277
-27.749135097252
-28.1840603965921
-28.4577597320667
-30.9736482660104
-32.1412677379597
-28.516135061139
-28.369973697749
-26.137346683613
-25.7599560638927
-26.3384410988108
-26.2382434403436
-25.7470653843305
-23.4515664605538
-24.4781430221319
-23.924022104629
-27.758453443059
-27.012301228404
-28.0512750686546
-28.9113957795178
-29.8294486796964
-29.8855490796296
-25.8369200401305
-26.7163012277033
-25.7476664415543
-24.738253308162
-25.1116257745833
-29.401162540972
-28.4568962323415
-27.3086781822978
-27.666775677292
-27.4846882901408
-29.3104981555065
-22.922072381859
-25.6177470895148
-33.4701094389124
-33.4360588584809
-27.2009641667553
-26.8199389661692
-24.5097035523815
-26.0751769975258
-25.5615042900041
-25.4562238258462
-29.1542978196777
-28.9051323590075
-26.9752756572968
-27.0421110017142
-30.783107740185
-29.5190847949873
-32.3165991032099
-33.4813171748515
-34.6462399106763
-32.528517408341
-38.4897213483723
-34.8669381122857
-32.3570327225216
-40.5836189503496
-35.65545224075
-37.1200090752289
-42.1768077986219
-41.8178792364683
-41.4818063039689
-41.8378651061516
-36.0359834732133
-35.5051211012217
-39.4082274814205
-34.7053116427526
-38.1960882344578
-35.6109262712402
-33.8402606576605
0.919447866866022
-33.4444851366854
-33.9937134304815
-31.7232307563597
-33.6369552717951
-34.887029441996
-34.0067036481755
