9.04474218385047
6.97631503519872
6.86641183046223
8.58711006983685
13.258845106812
13.3368423706718
11.1887433772512
8.11300889938213
5.93527040065096
8.96266161587781
12.0325304610034
11.2783841411821
17.3256047818758
17.8132437259406
15.074521369227
12.1883767463563
8.92188456679089
7.06058402481586
10.2267800096622
14.576799003493
16.0710352894418
15.3608224045757
19.7639974649047
21.9136834009847
18.5037603493131
15.2762861391979
12.2781546605207
9.03569579432322
7.20386153641877
10.3262192321505
14.8485080739008
18.371763200688
20.9669842367294
16.261876929885
23.3003674529861
21.9197309789844
18.7554402050798
15.4064844549973
12.3855528587368
8.55168262376015
7.51687589540898
11.2818963042753
15.0312772758898
18.7272930078478
22.1876592853321
20.6330486669734
21.9155386590558
24.9545662931463
22.0850486367033
18.6273971871507
15.4258126887923
12.4095871592973
8.85287626504985
8.16092638693252
11.576263198719
15.5373585821523
18.7631991851414
22.4383228027927
25.1092928649006
15.0469250351121
22.5229214987794
24.4364167198835
21.5026292288851
18.1756687619295
14.9470127900028
11.5762890367517
7.33633464389288
7.18634720224697
11.2456214297695
15.2926009365986
18.7767253720435
21.9461577366604
23.9097892048513
16.8624691439585
20.5562485088802
24.3291970097807
21.4361011125481
17.8874860070087
14.6124163357364
11.5391862250001
6.83375953104213
7.26425913144907
11.5329387839705
15.3174336773516
18.3294020583506
21.9756739633385
24.4504793457371
17.0158950829646
21.2612563894907
24.7527347932587
21.5937533465008
18.0227256904737
14.8427242732264
11.1114153896873
7.39954216482914
8.10735904297775
12.1404338200837
15.2640009635829
18.6046957867584
22.3142517370903
22.1461600654085
15.6639951040528
23.2717910062697
21.5477132640695
17.9223681600742
14.7207032101801
11.0925384420909
7.37116553715682
8.18316479860917
12.1529567726584
15.3089975545482
19.148603713192
22.6738780847459
20.7992427524621
19.4615009436548
21.255486537549
17.7597423458972
14.640908295342
10.9864235217686
7.21049055797006
8.07260516515241
12.1013553650074
15.2680663306541
18.4878719479574
22.0849733672868
15.8580688903606
17.9189662242167
16.9786679335927
14.1429479625339
10.9372321941752
6.86282062439708
8.04419057110657
11.9095599505711
14.8479272896908
16.5003302968197
15.2975805542562
15.4952236300434
11.9765354870911
10.3396268569966
5.83719366151564
7.21067524001074
10.2773003308727
12.7263108133025
14.6579198616545
14.4174288187797
10.209801758111
10.2409560417743
14.1675846818768
13.7280403104163
10.7938638054642
8.17407853657958
5.59914529545186
5.48446510370037
8.43574468053866
11.4153785443376
16.3502815094154
15.79674951638
12.1567598742538
10.1325544595645
6.93545189707647
7.75480032317292
11.1478097870225
12.9794701490824
11.8944624888834
18.872079559601
20.2799106852427
16.832872656643
13.562281977735
10.8276256483073
7.37976483003547
8.38281648803987
12.431841437046
15.6954417045621
17.3102700476778
15.5229883181881
19.7091650200422
22.5667790137935
20.7913125348509
16.9107518089852
13.8109655720076
10.8678374554892
7.2792178871132
8.55803258353803
13.2822480590254
16.9388228602085
20.0078604632
20.7950374660117
14.5927698886993
21.8225199971825
23.6552219579486
20.6103387664968
17.0271480191127
13.9739875904878
11.0841643376387
7.63863720100503
8.83976564804561
13.8588666009736
17.0526186886733
20.496178991361
23.7480340917099
21.7175020466878
23.5038390697547
22.6295410851437
20.0978233200307
16.93071057325
13.4887979429737
10.5630943266047
7.85303213023994
9.54091010982396
14.1131690879718
17.2599293852377
20.5418744681137
23.7874836130022
21.7890785266722
24.0099010623273
21.9311565742062
19.7930028969931
16.5064099038359
13.327687848257
9.54054010152189
6.79508953867291
9.55511207465551
13.5097584759991
17.0823700282156
20.4540376945944
23.4814947394326
21.6937503278169
24.5228256405878
23.0669947896283
19.8942781436803
16.3171723478227
13.0926431808894
9.6235739222528
6.70464811894619
9.30777590231046
13.6799983348755
16.9478232991349
20.6674137513616
22.2800823466929
17.9264675169485
22.6078708924894
22.9557921436595
20.0001667977852
16.3357385367084
13.2306805993215
9.0027926864009
7.10807688780643
10.0562120410237
13.698947144553
17.4337521935774
21.3288954301439
23.6661488490404
18.8385133149832
19.2936272279359
22.0600176307993
19.5763992815605
16.105428353419
12.8246269758031
8.27374565706042
6.94586744278663
10.0017211419691
13.6924542208663
17.2735439358065
20.989638061112
23.3320263722723
15.5062949359745
18.6721817514346
17.2674395422774
15.2003782219458
12.285508728257
7.62623300677336
7.13835457432746
9.95966506060465
13.6712453540581
16.9448941856545
20.3642345934934
19.0824619796763
14.5493156483368
13.4748565377226
11.9340408321813
7.59792876123032
6.80519540787941
10.0342662248577
11.2211946992006
14.9506930150232
14.7610309753291
14.1502986085957
9.72726405843991
6.91273202935478
6.13709576863984
7.66421718128809
13.5106843371025
14.8843964269041
14.0586125495599
12.3342725783561
7.16483166475442
8.86562843902547
14.9649877560204
9.73965053803352
7.79016421843307
5.31909299639243
6.47332902217108
8.56604991367977
9.39385618729068
12.2562488983374
18.6216038993492
18.0200771977062
12.4941062224552
10.1494368388482
9.16152085366594
6.85905693993983
8.98629253617542
8.6967117095198
10.7437832292972
18.856020478691
21.1360897677824
18.7726904811081
15.2398949226035
12.0395039078191
8.86157586064517
7.13031824512167
9.53391772559484
13.9659768987546
15.1637197631885
14.3805621131469
13.9700219235816
18.4489365058025
22.4454828233846
18.8828028377812
15.3939841511678
12.2042820109097
9.04401351524244
7.21429158076046
10.4391396389184
14.8712462768795
18.5274886117756
21.4650917393257
20.6879728759237
14.9843351421631
17.6053019516178
21.3145708304318
18.8261051397712
15.3243838300143
12.4171913840681
8.59744136063363
7.8831021354656
11.3821109391566
15.6338979491543
18.929121394337
21.9401587201008
24.8872446679978
16.9370389854056
21.2663437493975
16.8608396442949
18.6958209620402
18.0526317950772
14.7971541564504
11.6671621079356
7.55772673291117
7.18634720224697
11.4043948312535
15.5536903577972
18.9575883433927
21.9647236199139
23.0690974808285
17.9391419382078
21.9569185639331
23.3964606790529
21.2023752991645
17.7624529678809
14.5255828789466
11.3469635159149
6.83375953104213
7.28841748340962
11.4067802425939
15.1712344337999
18.2074039775559
18.6063468104799
13.0159291754178
19.7925875797108
20.6451407985345
24.0176064178222
21.3622223213202
18.0766694894226
14.7579260789596
11.5017795678195
7.09195347096519
7.33281979448808
11.9105523547168
15.2640009635829
18.9713151439186
19.3520383262298
14.2029133265851
14.7399839397413
20.6365862202753
21.0099013842609
17.8898232208861
14.5685168355415
10.8897653268798
6.76401767994637
7.84704246294588
12.4393698921459
15.6369006820885
19.308484443742
21.1939730260942
15.3957846480776
15.7797548624865
16.8949280690856
15.2190992028429
12.5396584647308
10.4162380541848
6.77237001465241
7.79163230252148
12.3889614845522
15.6168778286767
19.2953165883655
22.0922851956227
16.2169143164476
13.0518305620065
11.1425350765314
8.82386836100439
6.37102239767466
8.32280141096878
9.80617449209273
13.6103191847298
17.7421486116232
18.384362529142
14.1976857909403
12.7404209407002
8.60581672974278
5.25391152608669
6.4100584404818
12.05321104188
12.5623374498272
15.4518573960049
13.3118607337318
11.8646929067218
15.8759956637357
14.6047164115581
14.3744843352545
15.137636738791
13.8477526431807
12.553788814016
11.1437011183641
5.75438499610733
9.04630816434673
12.1461332206943
17.0607937645444
15.0286316158626
10.643255298441
6.25780209378314
5.90717558812422
6.42582702239831
9.35908239148879
10.9657627320735
11.9468126999828
17.0494011993278
18.8561096811994
15.7906729348606
10.4042125369183
9.5900093533867
8.07583391089805
7.20509104536288
7.11825761518463
52.7213026880819
13.1953906538114
17.0551854829912
20.4152961790517
17.0310508190182
13.5960115416338
10.3479348080167
6.79517169247669
7.92029533644486
12.2768697604158
14.124698148045
12.3146179416296
12.5003688871674
14.1046255804533
13.7169729401403
20.2102026326716
17.1578106401675
13.4385040605731
10.4972804799699
6.75891830842432
8.27163794305422
13.3941174354624
16.8334223310928
20.0247483803374
20.8404259979151
16.7663654504859
20.1501994173651
20.5360200369159
12.5038237808126
18.7045527008909
16.6989365653779
13.3161023665495
9.65660778032227
7.00030799679244
9.19996173554026
13.6570765582191
17.3286194342525
20.4432486373615
23.0642005333291
22.7714172245063
21.6543139168226
23.5915722552432
18.8434781828747
18.5938392737998
16.437321600701
12.8670414536736
8.28992097413884
4.88611565226425
8.86760199662812
13.2448892901001
16.8035441011291
16.7414326441199
17.579621891909
24.521123075493
16.1553436720587
18.1255720189901
22.5719987757242
22.5223234504917
19.7042839759467
16.3745113570472
12.7192321867906
8.94132951235103
5.86512315981755
9.29119600980311
13.2108679460496
16.8158048978914
16.6398262584797
19.782290788803
19.5970886880852
20.1619254075114
19.3566657911978
16.1014224632825
12.743041533819
7.56032991892393
6.15296314423737
9.40540265089192
13.8388056594154
17.4465248135758
18.2211359585093
14.0937330757387
14.2718944986648
15.4049910917188
13.7349541900614
12.3565117258347
7.44658760624374
6.32771378610077
9.30681429956113
13.8177113074184
17.5765427446205
17.8384201428829
13.5304491632455
15.1129026691721
15.2736020100673
11.4985920374327
7.1406774494302
6.87822607623225
7.20664420863393
7.01593344171411
10.2236176740161
17.317868428453
17.872884328581
14.797049753203
16.8138154393041
15.8079118398963
12.9237229080434
8.97298223634059
5.83386377781509
5.4865954809633
10.6669328605101
11.7120315244373
16.2922011095609
16.2931966542228
11.634202983002
9.31771710518066
10.2137040543851
13.5567948662596
13.6801316541184
16.7151212294006
16.8092478787624
14.5325230919073
15.4919602238919
15.2780824399852
13.5714142112174
10.897047445666
10.4776126219282
14.2879797149184
14.2008494894209
8.99937901860486
6.93959377246725
5.5851496182102
10.0253953920868
12.1882830032676
13.6825895724102
15.3837925068058
13.6295810248648
16.6210069468824
13.0306989814666
4.17299941514028
4.12422776590267
6.37658521725221
7.02681990069249
12.7393651958728
14.6924545819398
15.3898492451364
17.1640395308443
14.231970326039
13.6592330221744
16.5300378839095
13.5718590331451
6.33022016214406
8.26367491205772
6.14538715153805
6.87983900698707
8.32562501191912
11.1086936605304
13.94557618646
15.5053351397086
21.0417874797229
14.2961383142617
11.876762554637
17.2374344155309
15.1971265273885
11.6798939448907
7.99702976156502
5.83124576136335
8.17530607999364
12.2148980001252
12.2138191633749
12.0220758476612
14.701387803781
18.173200418778
22.2934159817398
17.7003951053254
16.7597230653998
14.6852504724443
11.4760070491838
7.7272059312471
5.9391566526742
10.5693308196279
15.0121413908662
18.3727998154275
17.8594919027111
17.5778363095486
18.0453748980425
22.8964767548452
19.9506368999253
11.4332436612918
16.0404036652572
14.1399019203678
10.5240213164117
5.63485460192198
5.6571681088346
10.2319389405216
15.0480200749251
18.521990200766
19.6227246865006
22.9182245329989
17.8618209437835
20.6234700962332
23.2198351029482
19.5232883715196
17.7681119808612
14.0205934415527
10.1650258994222
4.61872518597397
5.26814791249375
10.868654905447
14.88545647127
14.3307763074147
12.8607453426722
22.0632506008091
22.4857996082907
19.0740816496977
19.2333005392114
17.8624189497214
14.1405334657326
9.84005603331469
4.99281053613858
5.9920116365412
11.469470983072
15.5416104116723
16.414483666986
17.1858832220705
22.3135293115875
16.2780998649731
12.3446560821862
13.5733823236641
12.6757174032662
9.40966560616052
5.09006750777195
7.24165098595633
10.1558629844184
15.53159118308
17.2371532541958
16.1501159264532
19.9471672371662
17.3105976020059
15.2898277039401
13.8884150908404
8.57408876695207
6.69378829660391
4.78496296642627
5.23671645427738
7.99667426973373
14.5839504444924
16.0923523034545
17.1903024569789
17.4612076551189
16.5121907608171
16.2005888469311
14.0274254085029
8.34526847683509
7.15693505264788
4.16020550080505
8.47224759303177
10.8872207449593
13.9810090354995
16.1586092652036
19.3288697041038
15.8186792510201
13.9940727425207
10.3349760609468
9.67438534151531
10.6456618983198
15.0779600199422
14.833794874456
15.6759741401521
13.0110401519837
11.4665997575092
13.5801848942337
17.880892923508
12.9253734129124
11.2104349433179
12.4289868443327
16.0548467189077
17.096152628494
12.6815665978853
11.4349288378893
9.11257929968264
10.2289798344466
10.9107328102375
15.6708277954249
16.6797126657209
16.7206309947811
12.1147105203583
13.2975829932117
9.9482199545113
10.176134034359
20.02227113871
15.1896738342837
13.7300798430582
12.2564607322052
9.60442003787658
5.40848096238022
6.64750789486796
10.0293078132387
13.9744404562171
15.1835771453357
16.3826223013887
22.628390970752
20.9191277227915
14.6815624398209
12.261242337179
16.6975812964057
10.8881199471334
2.83162532370541
4.88166909673838
7.11825761518463
8.78658438235293
11.7372039579429
17.7974915754754
18.7083246961973
18.3055017307714
23.2438341324426
21.5635241927195
13.6510044388682
12.1618840779925
15.7978266371191
11.9097231821256
8.62142717614936
5.11893001208488
5.39015483888122
6.08628982579477
13.1580840201612
16.8124479343884
18.0499782896245
23.0448291165654
21.9687228953266
13.9204872915364
10.8233558015732
15.2536134388172
13.0356693787983
9.33085064531443
5.15139282992733
6.69564338371917
10.38052958199
12.2193549653917
11.4399684322084
16.4601598727247
17.6609830113212
20.1811454667121
22.9792250873345
17.5432505218865
15.0605744795308
12.282239235601
8.79574122746452
4.63297136505036
6.89443499450494
10.8421540328901
14.814781385524
19.2545572476725
19.1600966090677
15.1795599553253
18.3776530774543
18.18741995439
20.232776278096
20.3734523509195
16.7825650249882
15.1201270715019
12.0255571915288
7.64343969068684
1.73203443901641
7.1480400663415
12.6655885959154
16.0559367424516
15.1541383622301
21.6675451471137
17.978824939495
19.4293660015548
18.4633096569301
14.9143046104864
18.4694317484232
17.8628300649245
14.7297558368672
11.9806322145247
6.23342366038914
2.61911842024155
7.66723124158921
12.5241918514022
13.3339837157185
18.2445673087447
22.4359300771457
18.2874413017045
18.6583432362651
19.7014972144688
17.5542053322228
11.9395236152718
12.2029650970167
11.077743444434
5.04823580743519
3.75666120249404
8.80335922850161
12.5684076928666
14.338294875924
15.1145664339451
23.6030876352937
23.4957685975464
20.5553195750268
18.8869029961007
13.4563650284988
7.201347787787
4.69361404963314
3.87442186245616
5.98551361301555
12.323968445483
15.6454732175789
15.2042970762788
23.9860933669257
24.0251212250115
20.0776868689738
20.2458722355613
17.7103883265408
14.2423957577793
12.0786278864905
7.51942520395432
3.65985754009269
5.5248643334088
11.3743458998916
15.969194807934
16.3207799767764
21.8383740364727
20.5847043844787
18.3787389807174
17.181805264727
14.9516371920663
10.9646276154281
7.80067567995117
10.6163147372023
10.5619469349794
13.3398401067852
13.4485893506979
16.9421026873687
20.1316464765755
10.8649307979919
10.8351934225527
13.8132797824148
14.4532816918734
43.947701171728
19.1048846234562
16.6136154136757
18.1354221529927
16.424518278698
9.64512945540626
10.2189803959128
11.9197875022084
14.7677080520264
18.7345214088882
17.3687024628689
16.0699681826663
16.019024920455
17.1710905793808
20.9943920330146
20.1243454703889
19.4689892516509
19.0504929711519
20.558169878268
20.2664406094484
21.5193508266079
20.7887304751354
18.675973432374
18.0630666567053
16.7356401995899
11.0251874738004
10.8169152041259
11.4440993938033
14.2173958183179
17.4307577941363
20.4192215628059
22.1363387149555
22.0680086755175
19.0600075890466
17.1219790852462
14.2164597941626
11.2475296544077
9.60056365628716
8.04640033200172
8.98348296658871
12.2365635631867
14.7713320892378
16.3172870606973
20.1311661313742
20.0098160324141
21.4493153072052
18.376664525091
15.5693282890225
14.0586125495599
12.4345848469058
9.92518786665192
7.26234971947209
7.87412925649463
9.92488545369765
13.4157018629309
15.544067949554
17.7490130322215
18.1089927299529
20.32825734229
22.1867593401264
20.29468557915
23.7148063943395
21.207805103891
17.6792141189336
12.4738329327641
11.6171200397046
8.4916263713957
11.0742609707317
12.4432258386002
19.4333964419001
21.5026241964664
22.1068785865249
21.007842313676
24.7809274974516
21.2606602916965
14.3995175355819
12.032553451564
12.3847429651108
9.70696610023599
8.87128431643332
4.75056625842075
7.89320760484573
11.3145126273355
13.7911125322935
16.0129618730978
17.1854617268474
20.4553972513268
23.4380475529544
21.6482977701743
19.2095539834334
24.6266762478785
20.6241220224856
13.2173212407147
14.4458988892235
7.31313032231291
6.80777462923943
4.59181437092801
3.67418621704653
7.71076866243707
10.4468676284267
15.0065723321798
19.5651494822013
22.4569830488864
20.9421053871535
19.6038563598693
23.1237428412929
19.7462911054985
23.4385802280928
20.2431513957792
12.2044827128727
9.28981469455706
11.1836240331737
5.90717919161168
3.76971100451633
1.43662973941473
3.18326571167533
11.1191504116993
15.7223365746019
21.9804677205829
22.886222577091
22.2624334166861
21.1356492702077
23.7316563825361
19.3767612381235
20.8267224292848
20.7592190153033
13.9094352731975
10.9422546245019
8.74067222077665
1.88793463106359
1.34391021294208
4.89921530422272
7.11485722845338
9.39861222756684
10.6315818011127
16.9116629427038
21.981612695234
23.2274835565695
22.673145666433
23.5407109642811
20.299926999876
17.0426286284993
15.8287847484213
20.0996709130267
18.0623549227294
9.21641615541335
10.883961047994
4.74731029339429
2.53311961517382
2.18832457286623
4.07092205169099
8.11842073554627
12.9192590630334
18.790049473443
13.8063025109282
21.1649888441965
23.5275777430768
23.6217412708016
23.524513387524
23.4501783286374
21.2337527547247
15.7625718205284
18.3254774858975
12.4284427133441
8.09528526867572
4.91878522444156
2.15218015821018
2.96805237893636
5.40316201982924
8.36237560309553
9.89804183981315
19.0313836678283
19.9996542704753
18.4940924814044
23.7344153184515
22.884686033892
23.6581042974594
24.2618851096166
23.8979920374954
17.0468268829293
11.9226092358017
9.35077431263739
8.7270933198662
5.37905551106192
2.94775374943439
3.90065443258515
6.64977125544235
9.17433424282966
14.4991345648231
21.9180076102205
19.5776176532644
22.0623801590836
23.308125884326
22.4969023866493
25.0278305730049
23.9255914193783
21.3791098005742
17.1755011408122
11.8753516567527
6.09017865608336
4.77686577226435
5.04549579330698
7.47947342345723
10.6025380726674
13.3570699037637
21.3626934071967
24.1888998670914
21.8459345934927
22.6863649325759
21.2269961550181
23.9149659313588
22.0255714566288
19.2093194463294
15.8502676677534
10.940105754539
7.69003296641294
3.67697159285146
8.1240295673802
9.27565046550468
13.8887292220128
11.5549814913524
14.7483759166238
21.7369680476804
24.9407887499112
23.5214934452365
22.525208620905
19.4223503509475
17.437412896353
15.3136277610112
12.5630256577925
8.63184420804125
7.74166781300569
10.2988114004359
11.5959050257528
13.7088888580185
16.0895505369326
22.8533752399851
25.3771044072676
22.4226059181269
22.8889506747323
20.9014142995995
11.4094371438002
9.21820310122132
12.0384200630466
13.286487452008
19.8088163260703
23.0647079314587
23.4726185197693
52.3624465682469
22.4341690381212
20.2994329663125
18.5607884814339
15.7108842986593
15.1198986734394
12.8443065077001
8.50364525863779
9.00358702580476
11.5322677955173
12.213364730634
17.3176884569806
20.7944568559898
21.5132817390975
22.2976145695678
22.4128261060272
18.8402378290799
15.3541004856709
12.3911019145343
9.81244380324598
8.6789076548066
10.3715517249655
12.3441516581621
18.5454619379197
18.786331730312
20.1569670163647
21.5660750010719
22.6670676121576
22.8261377345005
20.0305114149764
17.3832409974434
15.3322618346298
15.4918778219638
15.3991794246891
20.2448771151398
19.416139980081
20.7768687356903
22.2682022965516
23.2466542254085
22.7665806609532
21.1325594960115
20.3524779881868
22.4388095070506
22.1240693426012
23.4333343240062
29.3883503485079
29.3286823913561
27.7703754325048
32.1405794897363
26.0405570742834
27.3874133940618
28.0806154136179
30.466103615141
28.8303199310944
27.7639932907449
30.6929789990942
29.9872079801154
28.8856117153718
25.6783408472249
23.5165107846309
23.9468793785033
25.9804701167045
26.3981238293594
28.1091536393296
32.2001956592071
30.3467067569739
28.9244744211225
27.0824347294702
28.5522496785342
28.0759492746515
23.4307175546835
22.262189620168
21.9954374951929
22.1866560301939
23.5608137734643
25.9496332449871
25.3632429043165
26.2555312000099
27.7128065773435
29.7485237763363
32.5487794164274
30.7803466597747
28.8154013434557
27.1696633757662
27.4342180164728
27.0757187333754
25.7182995071471
22.0507696377594
20.3044601374169
19.483987953008
19.7674504559675
20.7211124392625
21.4333085649119
22.1816294905463
23.5938761897763
24.7354758084123
26.1282662584841
28.0061522002286
30.6197497573779
35.4526249983242
33.2526692789023
30.7848476935342
29.6565772993372
27.7386422057777
26.3901311328787
24.0093962142459
21.5333371872632
19.8726278513522
19.1096491358384
18.1458701853684
17.55318182997
17.8085489965402
22.0797333983365
23.7649934130583
22.3198765414822
22.966561624072
24.9275708471406
26.5637204858938
28.5926108111731
30.9929902979187
36.7235130800051
34.4400793859151
31.8590423113153
30.3779073927542
29.1934478757325
26.7862987051219
23.9430056694487
21.9138510246738
20.0978012018217
18.5105549785787
17.0987795767821
18.0504782353265
21.0900111023874
28.7023008130031
29.2857759616184
31.2385991141551
36.2394878279399
33.7751421424005
32.2989010467513
29.8384603108662
27.9260035514491
25.3011844166442
23.2575499669843
22.5802484325346
20.7747723096874
18.5282053506784
16.9590034930537
18.1429625793444
17.8678110139705
13.4876506372659
12.8887867824843
13.8915845143698
15.8657634764477
17.7779279684435
20.9204568144538
24.8272688281129
26.0020982269866
32.1896693795302
38.2058610124372
32.0507599240585
33.5514239398184
31.285183988799
29.2995429956123
27.2699115446012
24.1435955822859
22.2052290979302
19.6119312401578
17.754956640498
16.6252797185241
11.4942868288122
8.68668990392706
8.10273396903238
9.13181711625418
10.8736022679382
13.6736347517245
17.1436312725941
20.0195689838492
22.1706440690343
25.1982940391665
27.5727877692291
29.8359267558702
36.3660844141708
37.5357665066286
33.2562430813264
29.9156319019399
28.5975093613302
24.197097927626
21.4407656293934
23.73910918343
21.0670550747112
18.2389641316439
15.597683048139
11.1720125539652
9.7809592031117
7.63221142160568
7.18444101364639
8.92686435723574
11.23350911177
14.1687063715713
16.5839471582044
19.4114161300417
22.2325418824914
23.7965143461938
26.1138413384664
29.7525443532419
32.5765926727659
33.6099433167523
40.0616006507208
35.5087332277109
32.7962563881175
29.6767755060674
28.0612592529671
22.6853257184843
22.9838936313612
23.3031220805455
20.5745231633423
17.4183622148664
11.727922203153
11.3372341994767
8.15710046651327
7.27499940362566
10.5177514795685
12.7722792995148
13.9917507597142
14.711599117876
16.0153295767676
18.2830806496203
20.9654922538353
24.8301535439115
26.2840868254394
28.5193621576369
30.8447401824724
33.1715355228657
38.1985145713452
39.7472197084246
32.752870643133
33.6583193770725
29.2509936974707
27.8624229094888
23.378095090718
23.6026660751029
19.8357985990194
14.2848757043084
12.0342335816738
12.5647433634161
9.92526836030054
9.00213104069332
10.8687612400266
12.3009109896966
14.5994577325574
20.1463603637939
24.4896393534351
26.7314575518436
29.0899540756816
31.4006797908033
33.782010149466
35.95569302065
41.4287049935716
40.0813339412997
28.0845637986894
32.6761653106019
30.5457198138067
27.7761240091708
22.9507702830141
23.6978992873527
19.4780423543108
13.1328894993386
9.90406954326352
7.40754264920932
7.95118905733323
5.45105478217044
7.84579184449222
11.994758451793
14.7778775405658
17.6932920317474
18.3055017307714
21.6177964912973
26.523789310415
29.6725177543658
31.0747074013981
32.5341824243368
35.7585202079646
41.2187780040314
39.0315988101048
33.3214619753582
32.9164590679244
31.1192214902934
27.0834667592102
19.9385683593284
20.8553304756188
23.3167047568815
19.2224027197715
11.8193475980751
6.85609718213576
7.53772502427341
10.6406052994986
15.6780127200795
19.8471945271704
23.3463953453085
22.9114346612938
23.2091571189337
30.4804863955047
32.7163349986149
34.9865521667956
38.9087940277057
40.3891040204086
42.2457695138564
38.8451802848386
29.407059927325
27.2061297300371
31.7605557393216
30.7758023317035
27.4266538482429
20.642663095299
22.3456126100085
19.6316292008725
10.7917845342861
11.8921371652522
17.8463014580441
23.0762992193841
26.3302531601267
24.3637159842998
26.9430555960463
31.7609429300952
35.5940601508848
38.8996652638005
40.4036112535826
41.5034594795689
37.9253778398267
33.4952113802769
26.9227076068827
30.4981545307917
27.9876860862636
23.4158708557576
18.8594022161125
19.5281725495344
13.672005852796
9.55637659423523
13.9207125024193
21.0610869126614
25.8689314900493
29.1783551761426
25.747171664602
29.0656355047689
35.6080908668215
37.1238402772475
40.4159723313152
42.4093927761834
37.8139687943857
35.9413325907005
29.0123893627929
30.2768193616971
28.2673310392695
24.7440818623795
16.9580515907341
13.5803833080585
12.4705692162474
14.3350231875443
13.8079645979745
18.1042395461628
25.610341208732
29.0659426222899
29.9095128419715
26.0606520650484
27.2337228809279
35.0563673497221
37.188683455587
40.4977642897127
43.0147560330121
38.175149415836
35.2505839889403
31.9839775613932
28.2463519429035
28.0204780316568
25.3960546526329
21.6261040358314
14.1348047441336
13.5303120054049
14.3645360285146
20.4396266955277
17.2949484273799
23.7939606872301
28.6898238219359
30.8176419183854
27.2100023068619
35.3292911758621
37.3850814561475
40.2685377670226
40.4555261237102
37.9059406436341
34.3615167579108
28.4095346914555
26.2258056380433
24.2579282251339
26.7366525807265
25.7108616366498
22.8919894907843
17.966045620854
13.0224201670892
45.4357454170405
11.8486766935989
20.4619443005074
22.0301286180735
21.310302237564
28.7856487500161
31.9030633710768
33.362564374696
26.8098473327315
32.8874541282246
37.7109789305369
40.9097708058708
40.6980244403557
38.1248971303278
35.1366136889589
33.5226421594055
27.4767083105988
21.8149288758036
24.5804475386997
22.8256800233729
20.0869856139497
15.9655883265214
11.9273309905353
8.89582441594294
8.40794336516345
9.09574882395509
10.050048773782
12.2777484901176
20.5240612956446
24.2231557142345
17.930272097416
22.0555794324662
29.2050606644216
30.9088426875531
33.0058191044265
30.3817490736657
38.1630583995792
41.5050743589198
40.8809203476668
39.4346720908851
34.3938710262936
33.281084409741
30.8010202054786
27.3199241811306
23.2212122087502
19.3836450250733
18.9194573339973
16.2194383684087
11.9627539695361
9.46288250332286
6.8962765633676
10.4077072977165
9.34349927850263
10.8188297363938
11.8573805508118
14.4828052406466
21.2410122845896
24.5896360708001
19.8191022999161
21.7749683271157
28.3450825721584
30.9877421805933
31.2038730453767
28.0736250287248
37.5592552938035
39.0722145951855
35.9175572530726
33.1942815183622
30.4841640906315
28.1209061155167
24.6889494747332
21.3545761082174
14.6081033074859
9.78597168291963
10.8131130950577
13.2981102451338
15.3383740964415
21.2574585785395
24.6064686953014
20.4668618451155
22.8816677039053
27.9445267981048
31.2242549535676
32.8478740880819
28.9404542728425
40.0731551134671
40.803400658634
35.3799085921802
32.7221784640847
30.3442658155627
27.9536451285945
25.5386956528286
22.3886792482361
19.4137838327094
18.2120749012337
16.3581301892358
14.8635174835143
13.5930046768237
11.125368499017
7.56685649241958
9.18419372227163
12.1636555330455
13.5567948662596
19.3340295437256
22.0711090037945
24.6927015324348
21.6739260698777
24.8528614152835
29.9373324797205
32.2425089131492
34.6700443324641
30.8181308112997
40.8344771147227
33.6552196437425
32.1282601331977
30.4030379459433
28.6664760646424
26.0954675969024
23.02175953166
20.0186192658543
16.8038190168037
14.9004839549245
12.3596250151148
9.46122471260364
8.17763902955331
8.80459903174938
11.2694005703799
13.7731650569653
16.5657934139207
19.8340838174671
22.5569172813089
23.8153491967167
25.7568194468498
29.9173160633884
30.2685892170792
35.7449149969604
37.1863415405341
34.8077249301736
31.1801513072814
28.5451491231831
26.5569964632258
23.9416932778315
20.5273057146354
18.4374335768357
14.7813206806747
12.2020578527928
9.68593026217791
8.67933776619673
11.2006296412853
16.1235982355285
17.5103114039575
19.103486548177
20.8576182209746
23.5222226438157
23.1561119466383
27.9384902679394
29.3164080630939
32.4786298614223
34.8667813348679
34.0235365689674
39.027580418492
34.5118359546797
28.6348435305336
27.1046582290051
23.0108603518567
23.4791939936473
18.6092921528951
15.9323844648479
14.5762994978922
18.6723360287086
18.8314860780583
19.0640587163618
19.8788691597167
22.314122070619
25.1347677043747
26.278371454747
28.7238229675419
30.3492312699069
32.1179780402694
35.1453426799449
36.1866160137247
32.959508435052
32.4737641554505
30.2345966264112
23.8487062508978
20.5708733695647
18.8550721535017
18.4199931285836
19.8892758918802
21.2364436448261
23.2296092691244
25.6834945490324
27.8321426072159
29.4491246797412
31.0328343351733
33.3952226463746
35.7335950486998
32.875392682203
30.6418985873919
29.0608984443565
30.1173770327037
24.8552307178795
21.9729743035717
22.8695690386721
20.0342712600678
19.3107323772536
20.0299269769264
19.3949696072526
20.1679573316517
21.3667115529827
22.6968549329093
26.1777221014126
27.6487037949744
28.7854743271508
30.345155370464
32.2849073893734
34.6271644910548
32.3409494216043
29.1153671643725
28.5921226253587
26.0546456914594
24.7089045554499
23.2382825734736
23.332362129872
21.6550196337833
23.1813625410835
21.4528733643815
22.0359122917109
24.4103637517705
27.756487194284
27.7557078949375
29.2349915971365
30.1328495514247
31.825860371424
33.5444275556364
31.7053180483425
29.4764950676109
27.7446071018434
27.4685323059093
27.3480942251069
24.2939381725372
22.6799431660065
25.3481712484301
22.7517094551953
25.7755739776148
30.2715944998126
27.7613210344529
28.5838035653289
29.0957986324757
31.6335413720429
32.3319406488679
29.8987727967415
28.1761866176443
29.4127885918824
28.4422573455644
27.8215469937391
24.3236003931044
24.176351221323
29.6116691989554
29.020255951486
28.8824951335461
29.5681415049611
31.1162829677725
28.1124135903208
27.5580536449102
33.5436157824773
33.4469603637291
31.8105840909575
28.0412330471509
29.058062480603
20.7175828155908
20.0444600528805
28.9657023077834
27.4018393239353
26.1609329689167
26.290342036652
24.6544986042151
23.0165576771171
21.1513776926571
22.1270849817946
24.2314373743189
26.1960104506014
31.705170387469
29.6179412044779
27.8900224464926
26.516949639267
25.9179771499952
25.2278472721702
22.6543778956902
20.6413884356476
19.7820239657606
19.8306023812597
21.5242558756102
22.5034620199678
25.1919906680573
27.0763978162999
29.6089219947142
33.0631298270787
30.5285071945799
28.9780253768211
27.4642191892863
27.0186746324116
23.5400918848914
20.9434222034344
20.1872539022567
19.0001398855173
18.8665681197934
19.5977799302744
20.6322335061879
21.8265538298093
23.4604369656981
25.194367437662
28.4662256623718
30.5591912893985
36.9384949695831
33.8348390659324
31.8976141146628
29.8947207822378
27.9283932059143
26.2162708889356
23.2282121443542
21.2368754395375
19.6485395730589
18.1351543312395
17.6379630714686
17.288935537351
17.7724515032055
18.789978087137
20.2632043966025
21.6026547390223
23.7326004678218
26.2942900621867
29.6318116468108
31.811130190622
38.4115137721883
35.9648701692847
32.9933818967079
30.6941771972659
28.4870404290618
26.7347279780019
22.965009119743
21.6425027283664
19.6770043789414
17.9494171937962
17.0857750370464
16.6216048346814
17.2844012144529
19.4330610751258
21.375934480781
23.1694347471177
24.1702688122952
23.3667127451054
24.5259314927614
26.2897939495453
29.7578172620365
33.3417711359854
37.9075474534392
34.0275900219391
32.3090138160297
29.5754003757334
27.7659835388758
25.0230730227425
22.7200599155697
20.3907240997701
18.0481676314939
16.853699397894
16.0975104116309
18.8846101495529
19.3119646378412
18.3908943854575
19.132093313565
21.1913427275032
29.4020902185239
34.690351363902
36.3773449405991
37.1195278269007
33.5856613892485
31.2540513114911
28.6045732212893
26.3695842535573
23.5578330573527
21.4213183167415
18.9666989045395
16.7989052509345
16.6715763944875
16.6830288131206
11.0200788420952
9.57614589228472
9.64298359200788
12.2757381634595
15.759275038666
18.5719245889104
21.5391825045966
24.091707818428
26.4057413474972
29.7105246469592
36.2210604860093
40.9064457227024
36.0722887495242
36.4223227095048
33.7057278328914
30.6561475568607
28.6079452834512
23.7718871842831
22.2058389174126
23.5969721011881
20.4188019644066
17.8090130093057
15.6246389381991
11.7939432271849
9.35440611578293
8.13311856573431
7.7709802398776
9.56758693288604
13.1157511834003
15.4763344440274
18.3058862434922
21.9510254271297
24.918723606849
28.1478337209673
31.0605970202149
31.1266141439493
41.2343628663359
40.2587997579761
35.9345680329433
36.3856407840485
33.3064568871282
30.6342533825049
27.7630185227479
24.5529025237193
22.6356336527587
19.6390627923992
17.1529635527687
12.6367454217774
10.4992770347029
7.77135800177573
6.96279218545534
7.00552829558106
9.0998911461308
11.8174782697725
15.255056215514
18.1019655572172
20.8616605238754
24.6382786189425
27.7129310628724
30.5525936460819
33.7002038887745
35.373541580444
36.0511600464374
47.4286776427924
39.5854002030328
35.546537921936
36.9275205896017
33.5754193854316
30.254913068119
25.9214628998027
23.3354246267347
22.1385521627098
19.1597808543056
13.5966816219994
11.4942310800936
9.09605560091839
8.9738420003724
9.16867146308619
15.4843394141325
16.9719781202089
19.8293167507222
23.6461422809429
26.5731906639996
30.3146157362653
33.2424206145058
36.4514223246278
40.4421496342197
46.9549971862371
37.07172073697
31.4271951498362
35.9765832893474
32.8659786419745
29.8473846472578
25.8025082411083
23.2280205728201
22.1357717618908
17.8730266802034
10.4406477931402
9.68953356301926
8.22323206201424
9.3285705729671
8.38776413110101
11.1329977182675
14.9685205772303
21.2027327864128
25.5311268822515
29.4688288289762
33.0711856828819
36.7018151597353
40.7103908687219
44.3258559442492
45.8930417158458
37.4717521277949
35.2094377787244
33.1800795201032
29.7748062743715
25.4107092982317
22.8558507952542
20.8175198683695
15.9999561410145
8.58770071793022
11.7630115547564
16.6176288307497
18.7106850742751
18.3512235299315
23.318321687623
27.603832741873
33.0172917825778
36.642713755307
40.6571169663825
44.2914496918783
44.7563726723313
37.76609284017
34.3559977839535
33.4008287422005
29.7638218682784
25.7786565281812
20.4952346981626
20.846077940987
14.5714209900024
8.13027244159707
11.0884213711873
15.7663638681172
21.4893673197682
24.0116038817378
22.2275234443159
25.0845131277467
32.6178918165353
36.6654759798193
40.3476436196792
44.3221328707626
48.4313075258026
44.5925506691897
40.0010352029584
31.8470608426256
33.5796331471139
29.7910076245291
26.4480488139009
18.3357811795
20.1633458611797
11.5970798887031
14.6783762505356
20.0380411503156
24.6456450777897
26.7589784354692
28.4823819959311
29.7708869587708
36.4062068933498
40.4335765322055
44.4314931090057
47.919676600566
43.739070604148
40.2934417160152
33.1150811290998
35.9081672108939
32.6833713638873
29.9933950049503
26.7032239290407
22.1580425349688
14.8068263847217
11.425630007478
9.61551635400526
17.043269920332
24.4463238086451
27.7850359419309
30.8156713794401
25.7650879383489
35.4791478115622
40.5896374831647
43.8923108123074
47.8346769594521
44.0086737382355
40.1009272469195
35.1995323747404
29.3690983685096
30.2856078853607
27.0781546446407
23.6150540265157
16.8811597741352
10.6526896694742
12.0102069605061
15.0137238375102
21.5978787509412
27.8495825431093
31.1113068204424
32.2830143323964
32.2787396640732
40.7989256120038
44.0859230199765
47.7867991644163
43.9566288375665
39.3443082016847
36.1628618680179
30.2155115991431
27.1358086094423
27.1653488957703
23.4984614570695
20.5164642108486
13.8452179208492
14.9214577138269
19.9074991112923
19.9257553987826
27.0628150232865
31.4342557001988
34.4244255714876
28.4975443569923
28.6712556142317
41.5450683021762
44.2678058012834
43.9447650638476
40.0307803868603
36.1665403346619
32.6729180582787
25.3629695927747
24.9710220713307
23.4915728203331
20.9629321703646
16.9597399017122
12.0847211054155
14.6831229440915
20.8964213881648
17.3332463386999
18.5020772853596
26.1093423338971
30.8709538370158
34.65233400166
34.8029390316046
39.1180140429937
45.4868547978229
43.6735047486285
40.0554086949523
35.8885964854815
33.0427512637552
28.9449062181799
23.8536398502137
20.0205402326621
20.6323646388108
16.9830359476576
12.0636979606144
9.2728753280653
10.3411005727596
16.4287371639527
22.4447292862327
19.940500144386
26.0407396559187
30.9316943497739
34.3459512026998
34.7843143499296
38.7376167480372
46.0651964327879
44.0640554635044
40.1616979939229
36.3305686361365
33.1520661739723
30.3125513218026
27.0515688996453
22.8660146867905
16.1961103010523
13.2834273268477
11.6353481538895
12.6584796017427
11.2799940835653
10.2988114004359
10.9057024812224
11.8669757280814
13.3854519925346
19.5042656170186
23.1166876973202
22.0661948636318
26.5200355761369
31.3729096516001
34.7536548588901
34.809686625814
37.7015159603959
47.0988448811144
43.9111320942491
40.2697608694156
36.1221794628314
33.6358155586549
30.8212311834317
27.6925754370031
24.9518344135296
21.9665942478584
18.5220291684097
17.7724487030976
16.9375638099697
14.8421261154339
12.4524272816287
10.6609430782764
10.6662607583041
9.70874984031414
12.3108245273443
16.0430144515403
20.6395432684475
23.2796544735016
21.6724282775239
28.3408595188447
31.4518724163738
34.8249529007469
36.9290010621905
31.3116092078018
36.371622597444
37.1272093589965
35.3268721201984
33.6067348879121
31.0307130889749
28.5292380480096
25.7920720520885
22.3696099816346
19.3974014342285
16.5550633634461
13.8012350421229
10.8525986725857
7.88804999733559
7.35314806970608
9.07285781914772
10.7708095650819
15.1300470663637
16.429972367341
17.4890554004338
21.1255799042579
24.0269656789531
21.6718288188553
23.2381743890008
28.4106700795055
31.9604557548451
34.9687385883086
38.6571646511446
33.1776964539665
37.9970875304448
41.3965265610403
32.8493947436084
31.2115420922314
28.891867430162
26.1082229317392
23.3074478371063
19.5554448141047
16.7492253974197
13.1818254880184
10.2821766402547
8.49057283051557
8.58670188771301
10.9508611378083
16.912884075081
17.430539369195
19.001626689442
21.6858485404553
24.4130564745442
25.438700920994
29.9607696577576
32.4431595236765
35.198634334346
37.5116656844265
33.4450254310997
36.4058225964516
28.0883292180782
26.4423373946693
23.620222165647
19.8856079109126
16.0938241078275
12.9514320182357
12.9976654618094
13.1238441314429
17.2546913211763
20.0445946285814
17.2514051484831
18.3156222914053
20.2674507579001
22.7390663606381
24.9943318481467
27.0519610780191
30.1638397490835
32.6409797669936
35.2555404476272
37.3898577938836
38.4620559913252
35.3486610753234
32.9647487813633
25.9037443997772
23.870262158358
23.6513278671011
19.4062856889536
18.1524444638385
17.3075321662568
19.1360026014984
21.5100730663416
23.2402434750192
24.8056430068338
26.5923162722993
28.8274156832842
30.7921178877299
33.2424516314009
35.9765045238294
38.3926486244537
33.2470910759189
31.4425272994458
28.0728887700954
25.7540387596959
26.789969958504
25.0129409850664
23.9739780542011
23.1015910460274
20.4105794509604
18.0878629155519
17.453729427777
17.712467502677
19.4015725188819
20.7572011891636
23.0204961928546
25.4098277267683
27.8672795346828
29.4930184047083
31.9884659877357
34.2068413538017
36.6382491591219
32.0378111952961
30.056812502756
27.5459752504108
25.2928612597047
22.7128174423619
21.3870473489694
19.8513131984881
19.0935632320808
18.4600286266777
18.921869049785
19.4743736713593
20.8753006564152
22.1827544579945
24.6761754106099
27.4888505556385
29.2586696580766
30.6081120418038
32.7483524183621
35.412745102792
30.849277118045
29.037962466303
27.1483565476162
24.4859727216833
22.612118218713
21.6232134889593
20.9070751091104
19.5789209346301
19.8319656422876
20.6032703657584
22.1706661852052
25.5170353640881
28.0210373571668
28.7957868398648
30.2898907039686
31.7126715734504
34.0583187309444
29.8277247785791
28.0120789434898
26.1309550933112
24.7753405198181
23.0169087389515
21.6798055094354
20.3733408653198
22.1651462978489
23.3667755717445
29.5509282049501
26.9046287511922
27.2944068757949
29.3417145507372
30.8848485621577
25.3561354640835
23.9883192324909
22.6932064215061
25.4900770652694
30.4806821670366
31.6024770998714
27.5855624455648
27.002440783383
28.1710209375115
26.5593666535402
25.7949983554333
26.0228422464893
32.1952365258821
31.1198119775659
22.3159220517272
25.087888492163
23.8914530588531
30.1445515392903
28.7630032565926
27.0613464749702
27.3541701657397
29.078945736759
23.9572381835578
22.9492193721348
23.0226741749989
23.0001761880019
24.7726536977597
26.3981238293594
26.124341233171
31.6152744248441
30.3273839059644
28.5604580334173
27.2622828758605
26.4104690209772
23.7669605777636
22.3613828997284
22.262189620168
21.9822082784226
22.3485889576239
22.8532256174112
22.9897747000283
25.3632429043165
25.9736823882538
27.9645119951419
31.2424564073729
33.0469661209892
30.5690324788784
28.8154013434557
27.6871154237521
26.4025296442103
25.0981708554258
21.7348345252074
20.5865991690225
20.0783391598383
20.5162390686831
19.9945573228146
22.1370777002075
21.9140727127036
24.2349847684044
23.9216496715712
26.2440328153289
28.4586943879983
31.4843614579498
37.3530250413099
34.0534838869444
31.3917265646664
29.5798657424808
28.2282822382824
26.1439632207711
22.994438457246
21.2566662693754
20.3982219442756
19.5845169607017
18.4493726717911
18.2876057530479
19.2579956352958
22.0797333983365
19.4885762306405
20.2572541954513
21.5894873829245
23.760282678361
26.020541461796
28.5930863087182
30.9929902979187
35.6619805671811
33.042313731412
30.3779073927542
29.1438555456545
27.1939794339153
23.4993362199415
21.6594841360006
20.2274186061566
18.4395549036884
18.4821554592909
20.0396909352207
20.072053035123
20.3928989521986
26.8601555016838
30.3957734142774
31.2813981433491
36.4147762467513
34.0903942218553
32.0956940896044
29.7520729054276
27.8921789963531
25.2727471105262
22.6942832316132
20.3804892935032
18.4294824061408
16.6230358581496
18.1429625793444
17.8314489081886
18.2274980472022
13.4698797459857
13.8915845143698
15.8657634764477
18.4053726350135
20.5322077379221
22.965586251862
30.4744484243076
32.1963452841431
37.7636894172304
37.0210657241338
33.5514239398184
31.6042860890227
28.6483781487722
24.6775395894594
24.1435955822859
21.4912777773813
19.4054923721398
17.146538813256
17.2715206907884
15.5660518235902
16.6820143357947
10.0510833985897
12.0743143210158
13.2555266057269
15.0609722207189
18.0497273598813
19.742245179147
22.6744735416837
24.9203514848313
27.5231678930475
28.7560665539675
38.0543645450813
35.9340146135368
33.2562430813264
29.9156319019399
27.9493328606559
26.023313791921
23.0926154206062
20.5154587154273
18.1194534394472
15.597683048139
13.8097727293349
10.7326487291759
10.139139157518
10.5750824044875
10.1223057414923
12.6811162803323
15.4861640883927
16.8969579581387
19.0247968299034
21.7224489641657
24.788435821349
26.1600620698238
29.1007651546006
31.2229949174911
42.2795633732855
34.8647229549262
32.431951769073
28.9965312366768
25.9849614296503
23.5609056979986
22.6161697284007
19.89964538946
16.662437043025
13.7528727230861
11.7152051572337
12.1632648634767
11.2843968005183
12.8095106582961
11.8881339526908
11.625608110572
15.4470711300521
17.0448662428687
18.8520172115402
20.882254793091
23.5418459479211
25.7074198005865
28.6945485744203
31.5446969514148
34.5830883008836
39.5459933687878
37.0013855347984
34.8140320239559
32.0428014287675
28.5606101407431
26.4939356622395
21.5817212770903
21.6306600099824
18.6758207923355
14.3087417776872
18.0985496155744
20.1463603637939
23.132881277357
26.193422886397
28.359985956386
31.6143011464068
36.1851166564461
38.5767142165309
47.5302115800471
40.1291790214188
34.8173812622611
32.6761653106019
28.8589674209212
26.4491045143778
20.6578038935404
20.1672647502011
14.7047846991158
13.1953906538114
15.9060405050765
22.5470707328782
25.1017550137684
29.0238691953077
31.9513308385569
33.4077513535182
38.3118471037595
45.5136356518042
41.0123254418169
34.1938062677301
32.0346592014796
29.3213012480812
25.4077322482367
18.9581759799926
18.7255819346602
14.9257444584642
17.9785634760259
19.6064959110411
24.1667456035844
27.067554486946
32.7163349986149
35.9592472839634
38.6017442066273
46.1406714756987
43.5942415343726
39.47658190641
35.9714867303349
31.7510851882653
29.0726853346809
26.5597659477459
20.642663095299
15.0772331101514
14.0752490942945
18.0445973683585
21.1856146628763
22.5006169575832
26.8771277269902
32.7054778391464
35.9493695379283
38.9238529882342
45.141509946897
43.1487268548354
39.2934176552265
37.2753250264294
31.4060222845942
28.8692376527863
26.2136537093654
20.3022008330191
17.0788821842092
12.9729963901614
18.0478401200284
21.3544487431997
26.440792012807
25.7604205342125
32.8445652083548
35.6549182170667
38.2099942030433
40.4159723313152
43.4206465035765
39.8523526498045
36.3692618890629
28.0329205207053
25.8173556527308
29.4804598199689
26.0972379811787
22.3691587309047
18.0028691374906
18.3245571708461
21.3793638681885
25.6703682155012
27.8416479116465
29.1484103773318
35.1719640856553
38.2890198914417
42.3382613903086
40.732736722466
39.4755699617907
34.197908211288
33.032758828767
28.2584291045231
26.8001524843966
23.8278672697851
18.0414169888189
14.1348047441336
16.726273462136
20.6802773959858
26.6067505542794
30.258533536208
31.408734693636
37.4508438429246
38.0664751101537
42.4452022737698
45.0613570005332
39.1713492660727
35.3502611260206
32.0668315995765
29.2288397682432
26.0440259679976
24.1535219337664
18.3310451820937
15.4486618406456
14.0937330757387
19.5086264827483
26.255193505729
29.9419002063491
29.4193235150366
37.1272924172213
38.386588070947
42.0070070379497
44.0818234315677
39.9746651718916
35.5955240745021
32.9362971474457
29.4164967620823
24.5699269598108
20.3519321254185
18.4152646042608
15.842087123764
13.2705274983087
18.4280649791
20.8459888821691
24.9691244058713
29.611981934747
33.0161553201931
30.3817490736657
32.5079974033732
40.4548523784378
44.6686221814905
44.0150316119339
39.7615984124059
36.1355266076902
33.281084409741
29.8675912502474
27.5573544848701
23.8239095883724
16.3822379322183
15.2736020100673
16.1536133931959
19.4727392024159
20.051486442388
26.2290001970509
29.1146811904515
31.2038730453767
29.918289987583
40.4308489104815
38.8968636120661
35.7196574256797
32.8420277477193
30.6904571372872
28.3269679124315
24.2895153176642
21.3609214813707
20.1034955112919
18.3987423932431
15.3795215408023
17.6109185115829
18.5470464797189
22.0647861720982
27.1547771598654
30.4222091196215
32.8478740880819
34.0433205577991
39.7810496002236
40.6438306313049
36.1419355593267
33.4946306841869
31.0474877393614
28.9323235453562
25.8384684383337
22.8548070165228
20.4863550480495
18.7739891386989
17.7265535801069
13.5185413621364
13.6180833275884
13.081886349461
13.757476318766
13.5201017922135
13.7965746731825
16.2947900776196
17.5070852577685
22.0772864589998
23.8057622992283
24.1416583165007
27.7291946295482
31.3107485278129
33.9528170601877
36.3156546243436
43.6812483781947
33.8397818392351
31.2249983157397
28.3816581881721
26.9791966713896
24.2999798059132
21.31022260541
17.9348497188328
16.0210679216635
14.5152596745044
12.6831604287093
13.4676129425496
12.9122453307562
13.1493500127267
17.1910973727529
17.3294328973287
19.0624631249325
21.3003010274232
24.6603350621018
26.3266380660014
28.1359257287132
32.47470726615
34.7748595506113
37.1955160542537
38.3335657569385
30.4024150420928
29.7882197742699
27.1833284087964
24.2183522272987
21.2936074941724
18.6364653600047
16.9402668700384
14.0850676060253
13.2125848890025
12.5864943757444
15.1394386939825
18.1530228419854
17.5103114039575
18.9526341367646
20.6377368561474
23.4157851416751
23.2974515386823
24.108571084039
27.0849686072587
29.7812241936887
30.914145590467
34.638456632376
35.9952397289985
40.4023343293036
36.1721253159558
32.571969838877
26.4847655792801
21.7472061639257
19.8051528977194
18.0930225568987
18.142618971063
20.4276044345729
18.3595730127993
18.8789282447141
19.0408978590684
20.0531635277542
21.6346996225152
24.5343084800428
26.2693700259601
27.9068229689545
29.7977419702506
32.1179780402694
35.6621785375605
37.0064857161527
34.0249641778987
31.5563767905018
29.7481189137961
28.7893135684031
23.4473434659483
20.8629687996012
19.6574019630325
19.7094809542563
20.1370188462685
21.0796482310546
21.6489201410425
23.9357449668357
25.229208829561
26.6821067244451
28.4943452808214
29.4491246797412
31.140025767349
33.3952226463746
35.7853087241525
32.911634833437
30.2569170184232
27.0890760779748
26.219759539942
24.8552307178795
22.2823173489466
22.8695690386721
22.0649679849304
22.1266168362466
20.9194758517004
20.9684204808047
22.2962504554953
22.8534354860977
22.448464759295
25.8143011910163
27.9902860697553
28.8464467100862
30.3517102406701
32.2849073893734
34.4039234026886
32.7998011877048
29.911942023892
27.8226904491058
26.4997845336641
25.5159888259067
22.6110481975021
24.1744023916642
22.5715661125453
21.3219384404864
22.3831276670592
24.4657621754781
23.0196086222487
25.6743974697728
28.0290692534062
28.8985076930517
29.8705099190999
31.9581287757827
34.3172026453327
31.1371808517785
29.1784838105507
27.3594406075219
26.2546825647258
26.5330705662938
26.3014852794641
25.7961475837179
23.5290203578947
24.580807112433
24.1848480061247
27.80865453631
27.3549348712906
28.4169138752131
29.9557447334957
31.4880297902971
32.8824998141164
28.1789933368164
27.2357653336454
26.2050891056927
24.9756001937661
25.1814040857254
29.4131820802843
28.54308516097
27.6293226122806
28.4116671177372
29.4567080362443
30.9833681364157
24.1013452705568
25.7895030737276
33.4809545178398
33.4469603637291
27.3312729130123
27.3268781322801
26.5325181476748
26.7667013079626
25.8111089522845
25.5125914735153
30.2232777604379
29.0975694403125
27.191096122474
27.5038982026187
31.8684035786203
29.9510499763665
32.3281491634074
35.0044262029272
36.0503683270238
32.5402473509755
38.7949586658241
35.0521000688917
32.3705140313157
40.8420933509924
35.7032720799687
37.2403532247084
42.2467525515367
41.8593557942678
41.5262923662653
41.9254874003481
36.060734243879
35.5180433723049
39.6820821658414
34.7211701242402
38.6430897488377
35.6656709872087
33.8707932443613
25.0387812835087
33.6397701959477
34.0047436990688
32.5637324514519
33.6480536079377
34.9017832615929
34.0176104339256
