7.84604729070569
8.35435644298481
7.8570017490834
6.61811773610795
8.87065307132176
13.9946473690864
15.5841396315345
15.0762193079162
13.8033261720589
13.9819464474708
12.5614598435158
7.56539478934647
10.8634574041966
15.3044052014255
15.2040618232901
14.8755732920419
13.9981668249586
13.0567654886611
13.6042439024094
14.6535834856079
12.4232553838968
8.6799317472345
10.4321972285508
15.828476196333
15.0483809379823
14.2170385089408
13.7018353907676
12.7007146031607
11.6549818531588
12.2651917688967
13.8329998221603
14.8930087986439
14.5452832055937
4.27624087731288
13.6612643388899
15.2198580901299
14.4635258614642
13.3970687200309
12.5958455696284
11.0677981473133
10.5965826482833
11.8042635667201
12.9561151181874
14.1574194677129
14.9949530158495
10.5424071781758
8.18700833791304
14.6401412250796
14.5931957430454
13.2281208168365
12.2741026333864
11.3941858322391
10.1348558057628
9.63394314791976
10.8864371434043
12.2946414482315
13.1993884761144
14.4388334531215
14.4976267118895
1.87507843596735
8.64450568433871
13.2135806218893
12.8972814933088
11.8019223657617
10.7579892801538
9.50891952009448
7.19870924997373
7.04434107100646
9.07498451199981
10.723760467127
12.1569615652362
12.8519278279613
12.2483315611329
2.18353585370493
6.61811773610795
13.3307199209116
12.878077022531
11.748354661067
10.5247278528281
9.53881768093032
6.89174543177111
6.73034035954712
8.80308085108461
10.2202758005899
11.0599351293374
12.3337261277361
12.2633884562314
2.18353585370493
7.57856456320888
14.8576320966273
14.2053715218135
13.013851940378
12.1127044317364
10.4728874930652
8.92708833896705
8.67411618726103
10.3236038627008
10.9110203267372
11.9620900635379
13.2353848677156
10.3584590258192
0.866929630371318
13.7608089146358
15.1003467891487
13.7608089046615
12.911898699848
11.7426263331849
10.3875313222212
10.3867216335754
11.5869951907879
12.4200634835685
13.8211825001849
14.7660533447739
8.79133557387892
8.23500234417827
15.7560488703153
14.7066993270862
13.8115300438747
12.7251918381817
11.4866026782442
11.4433226860119
12.5039401405815
13.2796098746829
13.9975659429325
14.9395648853389
2.84634384637977
10.53419854076
14.8001066428389
14.4597872686525
13.7845368500155
12.8313996485657
12.8532365355887
13.5991206149998
13.777300644765
12.1046673322511
4.30954562130687
8.69224223719175
10.6782889727898
14.7591355993259
13.6043840452846
13.8933191466131
12.8799427448241
9.78797720123506
2.84634384637978
2.18266234906934
4.91140931214338
4.8414382221008
1.14771311748221
2.63869071151469
10.3672704659548
11.2033131765708
12.4668919794438
12.5610772606382
8.99052217868114
5.17559608485047
11.1046454111386
14.7725612918896
13.7852341601084
14.9421382128786
14.0476033680985
13.6969240761212
13.7024491637725
10.9884861770376
5.17559608485047
10.6509129282905
15.5652500787357
14.8574703859018
14.3608210262168
14.0721284484691
12.8017219041419
12.6316595877844
13.5218613595744
13.8998899250831
12.1391593192272
7.64171508886172
7.22087279895618
14.6177917539121
15.4005847151949
14.0425563232763
13.428330873753
12.6372701428419
11.2532835344517
11.2873967387176
12.773159158629
14.2137422655742
14.8401549889619
12.6607313274968
1.87507843596735
9.92607725042846
14.9421382128785
14.4902491778193
13.284223314098
12.5958455696284
11.7845013465933
10.2421658418214
10.2699295733597
12.295325488386
13.1508745614277
14.4418287205988
15.2391861694451
10.3213924409359
11.1121083157845
13.1323154620208
12.9161783504446
12.0473602712439
10.8257892504585
10.1683493810376
9.02067343557966
9.30339984803462
11.4627298336517
12.3759705924158
13.3536825636423
14.2122206682284
9.18709058600608
11.5434671805116
12.0052012187076
12.2341982146678
11.1551654656385
10.0724967908344
8.36421504829727
6.72108334375299
7.90782148262327
9.61034379199548
10.9467490358709
12.0815185583366
12.8072579030879
8.21557511564881
12.7152743245182
14.220925348476
13.0594712306871
11.8042635667201
10.5351109224946
9.19545651419834
7.2882105466106
8.22887234693042
9.9252298611612
10.9818144805305
12.3873237400801
11.4606333285
4.07381760801598
11.0529161472085
15.0328040734449
14.4357543504385
12.9237107360837
12.0911610077222
10.2300762247559
9.49526376986743
10.3236038627008
11.2272025089719
12.6277592221374
13.9899246713217
13.4313725232174
4.96866378893095
6.12540996277877
14.7431716876332
14.824521449116
13.5887799475567
12.7850993649634
11.1680824913704
10.5797214955976
11.5240917123117
12.4200634835685
13.5013206229832
14.5376818554544
13.9575101919393
0.866929630371318
8.23500234417827
11.890665578303
13.8605054075173
13.436559749416
12.0815185583366
12.1050643528165
12.8311573836426
13.3528727640755
13.9361460256702
14.4449896848762
7.95629156275007
2.18266234906934
11.3574316385151
13.9589734959729
13.5655952468127
13.4289571082809
14.1304067890047
10.8758370945674
11.6774747792824
3.05773921073055
2.74448191493931
7.88865467344665
10.1052943494259
9.0464753033839
9.52596158542484
2.84634384637977
1.19749085884021
2.63869071151469
2.20924283115506
7.70933668091229
5.9527219432555
9.4366246820204
5.38381542909009
6.18055423815126
10.0967303877183
14.0476033680985
13.6351191774647
9.87827201173888
2.9001157254055
11.8023295824655
14.9241160488482
10.617696885408
12.1858841192217
14.0839910975056
13.1880966995202
13.1756098169737
8.65886661621946
2.20924283115506
7.22087279895618
14.5404915654262
14.899461254893
13.9970509940591
13.2981441966409
12.7499048546595
11.9260371438768
12.071370816955
12.6945642285273
10.7415596431216
7.0248706956837
2.04898426397566
7.22087279895618
15.2905822067538
14.3315092655118
13.2295739583956
12.4176449216097
11.5455486244972
10.3841294101696
11.3223622259481
12.7500932928044
14.0201220282306
14.6545673367484
10.9800638987092
1.45478580210146
6.18055423815126
13.5128842269111
13.3193590578789
12.1257904899397
11.5938368012109
9.91251138656875
9.39975746296684
10.6797515637089
12.4988465437025
13.5862156489644
14.3101157137335
14.891879328966
2.96315318038809
7.52791603982441
5.17559608485047
9.91796418389082
11.6115438815308
10.5487872827711
9.5159925443219
7.53101367316326
7.04434107100646
9.36082003981442
11.1680824986127
12.4802804786526
13.2646732679743
12.2173935735042
4.01990671688675
8.38837075282422
12.7968406843083
12.8128853554658
11.5570937967754
10.5320313022697
9.31295146853748
6.89174543177111
6.74514076023649
8.47282222562047
9.99983085983826
10.856553083295
8.6388060657023
1.19749085884021
5.1855672286446
7.12624394620509
14.5066570629074
14.1408612337059
13.1839964555832
12.1127044317364
10.6897592786701
8.67383917287912
8.13459674628753
9.72591512255756
10.9110203267372
12.2651917299294
9.51712874586799
1.14771311748221
1.45478580210146
10.9155341250872
14.655059245745
14.0297166393365
12.7381202624401
11.5512706221462
10.0338942887776
9.92292962046617
11.777770492164
12.4540678280252
13.6725167937394
12.6049991936099
2.30943872844463
2.04898426397566
7.24064578611804
10.4920284326917
11.1641013403582
12.4082561623832
11.3355754841932
11.246875738686
12.680928170051
13.2994089466451
14.229540211998
14.3548797034756
2.30943872844463
1.19749085884021
10.0049247710462
12.8421081609862
12.6788436043075
13.1947454118609
11.0519377510122
10.4350759732156
13.034976429991
7.94374803927171
7.65129973106224
13.0235421026239
13.5817048364817
11.2752122787055
7.42545936196462
1.14771311748221
3.76303319033156
4.09012742134841
2.45273818689033
3.15352412882524
1.45478580210146
1.45478580210146
1.45478580210146
2.63869071151469
10.4321972285508
2.63869071151469
2.20924283115505
8.18724125816674
8.65886661621946
9.79901839604108
11.5712235738954
12.5372379182159
2.63869071151469
6.18055423815126
11.9109578031937
13.3150285516506
12.9976856137672
9.79901839604108
5.29479844966119
5.38381542909009
13.6174847532079
12.9157132478468
9.19859181460393
12.4908655943104
13.2873884311401
12.2916696134625
9.41495556462825
43.3012701892219
1.45478580210146
6.18055423815126
14.7916616246629
13.723914508747
13.0419796887651
12.3695616800709
11.1835633065793
11.2333006630037
12.1854897055302
10.4920284326917
6.58634573885759
1.87507843596735
1.45478580210146
3.4434634818375
13.8435920677461
13.1857278430756
11.8811638232424
11.2342632334851
9.60396582369741
9.91481403292699
11.7689943188333
13.0669210336752
14.0273185996692
12.2902431592601
4.27624087731288
5.12065585813912
7.86968353907286
2.63869071151469
11.370224607287
11.5447160903221
10.4799978168436
9.00013885485766
8.28895335025768
9.10683525446943
10.8962550287089
12.5748432196539
13.6183669806085
13.9433859669615
10.5843765597463
6.6694752223827
11.4168340119291
8.67037563185901
10.9884861770376
11.0791905120549
9.48880845005098
6.90369304813607
4.78266093742737
7.06171643528778
9.1971549020029
10.7035747547426
8.21147932352951
6.64699374169835
11.7555110976309
0.866929630371318
2.9001157254055
10.7575425433012
13.9823651867692
13.3061827164781
12.0563324434199
10.2882803270842
8.47883358227346
6.45757750027954
7.61336212529237
9.25445534260156
10.776958247578
7.90675786768605
6.05993928067793
6.92929915138902
12.0545385409453
13.7421117916772
12.859030732166
11.5555342985964
9.19715490200291
8.80308085108461
9.69076855184077
11.249652874139
12.0896703843186
10.0576242152597
1.45478580210146
2.04898426397566
7.82074008970512
10.2479121800471
12.4261563517659
10.7412240568564
10.3795474456313
10.6728868873363
12.2296798964342
13.1497781687563
10.2116208521087
0.262963136248475
1.45478580210146
1.45478580210146
1.19749085884021
8.83604774606945
11.7788504661393
12.1114148620928
8.83509587350779
4.64109814952928
13.5013206229832
11.2506140320651
0.866929630371318
1.45478580210146
9.53881768093032
10.9542098521852
12.0459639557092
10.3382093836192
7.72972534614466
1.14771311748221
3.05773921073055
12.3187551867442
8.49751752714492
7.53978298035173
7.2078828591402
4.07381760801598
3.05773921073055
7.10192448022426
1.45478580210146
1.45478580210146
2.20924283115506
1.45478580210146
2.63869071151469
9.19859181460393
9.27727649441243
4.528414316736
8.94443313916848
12.5706385829722
5.92691458038988
5.24110791784615
7.85700174908339
11.5368040356057
8.92116462509928
7.12624394620509
1.45478580210146
1.45478580210146
12.5372379182159
10.1528590401544
6.87359090279533
10.0849429937491
11.6809300122521
8.42375861697619
9.56686440098002
8.95866024766553
5.5500501505769
2.20924283115506
1.45478580210146
3.62015697722675
12.1169688908228
10.9275250768568
6.77216131097216
12.123313164596
11.5034304677135
9.80649477703181
2.04898426397566
2.20924283115506
1.87507843596735
1.45478580210146
6.87386832819489
2.04898426397566
2.63869071151469
12.2302693964131
12.7446267213428
11.6670786228075
10.7451383231719
9.82040127294631
9.24965060785708
9.86999792521691
7.23300883882457
2.18266234906934
1.45478580210146
2.04898426397566
8.80970968360358
5.95272194325549
10.9011055866333
11.3293636089421
10.3695879912521
9.08940389375456
8.15887049900944
9.808944795747
11.7991733687607
13.0964026822989
10.0781500306346
7.18868830478005
2.04898426397566
9.41495556462825
8.49751758021693
1.87507843596735
9.08088633463667
9.52212505292851
8.07381366635564
5.59897490267756
5.62637483859417
7.89032983044641
10.5067900593732
12.0913597376249
11.1641013403582
12.3344477154623
3.6594376564012
6.82404926860663
13.256156407234
11.5172087697719
11.7835837197741
9.95242915045199
7.82074008970512
4.70409482385072
4.48656626952561
7.39117384833321
9.25211820605674
6.41362836123918
2.74448191493931
10.1206200829185
8.24112769996486
8.03831895116745
12.0545385409453
13.0956687474983
11.3523527602905
9.38427869454916
7.06171643528778
6.73908186853342
8.67411618726103
10.5993496199886
9.12449665854819
4.42307568043097
7.73105998191866
1.45478580210146
2.18266234906934
6.79324048176948
10.2479121800471
10.3742214745166
9.06393522532253
9.30546586128292
8.84175673853579
11.9867726036085
10.0576242152597
2.45273818689033
4.40047224224459
1.45478580210146
2.18266234906934
1.87507843596735
2.45273818689033
9.87583914323535
10.0633565564819
8.86821470653558
4.09012742134842
11.2506140320651
9.30546586128292
2.45273818689033
0.866929630371318
4.58850761056203
9.61884124163189
9.89467796331991
8.83604774606945
9.25211820605674
8.04429535464353
2.02124007763175
0.262963136248475
10.537277491303
8.67411618726103
5.49763148548553
4.58850761056203
8.86496262852838
7.8396131652936
4.40047224224459
4.78512726499818
12.5890713183049
4.61956161486231
1.45478580210146
2.60404407595375
8.22887234693042
5.90213174546663
1.45478580210146
5.49850564822149
7.22087279895618
5.49850564822149
2.04898426397566
1.45478580210146
8.48747299576555
11.9738357293903
9.81984005320654
5.49850564822149
5.12065585813912
1.45478580210146
1.45478580210146
1.45478580210146
5.92691458038988
12.5081672991619
9.69708953660753
3.4434634818375
5.49850564822149
1.45478580210146
9.67786611707145
11.1144867393997
2.63869071151469
5.95272194325549
8.10316396864536
8.67037563185901
9.56686440098002
8.32020304748273
4.27876880457808
6.87359090279533
7.4030969431134
2.04898426397566
2.63869071151469
13.487164107295
9.4366246820204
7.72226097588747
10.8160184844602
9.41495556462825
8.17981430668005
8.34730664005772
11.2549916376677
9.36928732407809
5.43644745076264
8.31312431236034
8.96522932592316
2.04898426397566
3.4434634818375
11.9738357293903
10.3992068578185
10.1750821166738
9.89977653562616
9.66253349683455
2.9001157254055
3.30255398120523
7.44275217721696
5.5500501505769
8.14516320743437
9.3848660015953
3.01547485377252
2.20924283115506
10.6236924808838
11.1778680253229
10.1528590401544
8.60248730963732
8.65886661621946
9.11988693847063
8.29996202393742
3.69797631822577
1.19749085884021
1.45478580210146
5.24110791784615
10.8617983046806
6.92929915138902
9.47448974907462
8.90512385353507
7.9063020581306
6.41614052699661
7.12624394620509
8.29996202393742
9.77753803064309
12.2902431592601
10.0781500306346
1.45478580210146
1.19749085884021
1.45478580210146
7.74618385852381
10.7464799928082
8.92116462509928
9.24341366790433
8.34730664005772
5.8951235068254
1.41409432960848
4.72524609219816
8.29822476591835
9.70204419568297
7.20254691503889
11.7112757245484
5.21753799330187
2.18266234906934
1.45478580210146
1.87507843596735
8.95866024766553
11.2549916376677
10.1348557946383
9.61009378004878
5.88419088709778
3.76303319033156
5.51574060940656
7.6485657569126
6.05993928067793
6.98525110449296
9.25211820605674
2.18353585370493
1.19749085884021
1.87507843596735
1.87507843596735
3.30255398120523
7.23300883882458
9.77753803064309
7.5209562225644
7.27474760122932
7.91040391139917
8.89189200156379
7.55872177104867
2.96315318038809
10.2176886186995
7.33487766392297
5.95098847793891
7.72288326148255
2.74448191493931
3.6594376564012
8.6782133883539
7.57190315126785
4.76424185177182
8.22887234693042
9.44591432160831
2.30943872844463
10.5311186141617
7.013502916095
5.06825766166813
10.3034504860598
10.3417432382587
8.11922168785778
9.48361564333998
10.1720115475689
8.28613976116182
3.9891819374893
6.73908186853342
10.6728868873363
2.30943872844463
7.55872177104867
2.18353585370493
3.69797631822577
7.18868830478005
8.11922168785778
6.64699374169835
7.2078828591402
1.41409432960848
3.05773921073055
10.537277491303
5.76871438989011
1.14771311748221
2.94900299119344
3.34556575486091
9.01161193846095
10.581084154285
1.14771311748221
43.3012701892219
2.02124007763175
2.22873761229754
1.45478580210146
0.866929630371318
7.55872177104867
7.85782934421258
10.2116208521087
4.09012742134842
1.45478580210146
1.14771311748221
2.30943872844463
2.06998888197005
1.14771311748221
2.76497848888993
2.76497848888993
2.76497848888993
2.76497848888993
1.45478580210146
2.20924283115506
2.76497848888993
3.54116620956127
4.17547724259791
2.76497848888993
2.20924283115506
10.4999268076327
9.07140925438088
8.16231674651529
6.07874616197406
4.14445480744821
2.20924283115506
2.20924283115506
6.468841239467
3.54116620956127
2.76497848888993
3.4434634818375
11.3962945497146
12.4908655943104
10.7384273665113
9.53113136034469
6.57524174102836
5.12065585813912
5.18686165137307
2.20924283115506
2.76497848888993
7.22087279895618
5.82067183873331
1.45478580210146
2.63869071151469
11.3503417752339
10.6509129282905
9.31140325252082
6.87359090279533
5.38381542909009
3.12658055497128
2.20924283115506
1.45478580210146
4.06129145445023
2.20924283115505
1.45478580210146
1.45478580210146
8.65387001151572
9.86671073692336
5.38381542909009
9.19859181460393
11.1144867393997
6.74514082128261
1.45478580210146
2.20924283115505
3.01547485377252
1.45478580210146
2.20924283115506
3.01547485377252
11.2900575144153
9.85733004872902
2.04898426397566
2.63869071151469
9.67786611707145
8.43536161008222
1.45478580210146
6.88836035014252
8.49751758021693
10.2521319473528
8.92116462509928
7.42934165666198
6.91489292826619
1.45478580210146
2.20924283115505
2.04898426397566
2.04898426397566
10.8160184844602
8.62591901000031
5.92691458038988
11.721837782186
2.63869071151469
1.45478580210146
3.01547485377252
9.21255686145847
8.49751758021693
7.11223665669035
9.95242915045199
11.6139234601338
12.2757665585993
7.64171508886171
1.45478580210146
2.04898426397566
1.45478580210146
9.34843797085424
8.10316396864536
2.04898426397566
1.45478580210146
6.56460225531174
4.91458976057199
4.91458976057199
4.06129145445023
4.06129145445023
2.04898426397566
6.80790413880854
10.7727210458509
9.37774694640157
6.58634573885759
1.45478580210146
3.01547485377252
1.45478580210146
6.83864686472591
9.14934928897165
4.1303470428059
6.07874616197406
6.07874616197406
2.04898426397566
2.04898426397566
3.1078556932006
3.1078556932006
2.18266234906934
1.87507843596735
3.55336116672627
7.54153564064397
6.43297147233451
2.33375926415622
3.01547485377252
2.04898426397566
1.45478580210146
2.04898426397566
8.84175678954153
9.00801152845857
2.20924283115505
5.84694815649159
2.04898426397566
2.04898426397566
2.04898426397566
1.87507843596735
2.78057970601164
6.64464355817931
10.3417432382587
2.18266234906934
5.62637483859417
6.43297147233451
3.6206836970569
3.21577119564647
5.17559608485047
5.17559608485047
4.27876880457808
10.4251695466991
5.5500501505769
2.90011572540551
1.87507843596735
1.19749085884021
1.19749085884021
1.41409432960848
2.22873761229754
2.18266234906934
9.48361564333998
7.8396131652936
2.18266234906934
5.5143447512239
2.33375926415622
3.21577119564647
6.2424502818348
9.63356900910265
3.1078556932006
1.87507843596735
1.45478580210146
2.9001157254055
2.18266234906934
1.41409432960848
0.262963136248475
1.41409432960848
2.18353585370493
3.6594376564012
9.51296186151091
4.70409482385072
2.90069661882691
2.33375926415622
1.45478580210146
7.64171508886172
10.4920284326917
10.0280747820909
6.19531051973996
1.19749085884021
2.78057970601164
1.14771311748221
1.14771311748221
2.30943872844463
4.46428430667113
1.41409432960848
7.87066246689693
8.83604774606945
2.33375926415622
1.19749085884021
1.45478580210146
11.2082451705069
11.7948959058369
11.1369485245605
9.61884124163189
5.8778577491737
7.5209562225644
6.96468274805701
1.19749085884021
4.09012742134842
8.5838917864442
0.866929630371318
2.02124007763175
8.36111284043709
9.30373461170447
2.86611206243215
1.45478580210146
5.06825766166813
8.86496262852838
8.86496262852838
7.49631460632998
6.28388544154947
4.40047224224459
0.262963136248475
8.27909102140974
9.29435546970947
2.30943872844463
10.134737208438
9.82412131980478
1.19749085884021
1.19749085884021
2.86611206243215
1.14771311748221
7.41947023132054
9.91808526582098
3.09017986545992
7.85782934421258
9.13870641107483
5.85840711542732
43.3012701892219
1.19749085884021
2.90069661882691
1.63770575685041
3.06252118605863
2.18353585370493
3.15352412882524
7.05371544436676
9.83622127136192
11.9867726036085
7.41947023132054
1.14771311748221
7.37333769474457
5.25882386269711
2.02124007763176
1.19749085884021
3.06252118605863
5.70150504034236
7.35450837699079
9.0464753033839
10.3584590258192
11.7452862301263
6.66846858157858
1.45478580210146
0.866929630371318
2.35222230252473
2.30943872844463
1.45478580210146
1.19749085884021
2.3769073851246
3.91763884429971
4.8414382221008
4.14266439859736
4.14266439859736
1.45478580210146
1.80215386747246
2.49306380453546
1.41409432960848
1.45478580210146
1.19749085884021
1.63770575685041
1.41409432960848
1.45478580210146
0.866929630371318
1.45478580210146
9.27838853588979
5.878999747169
6.13462079306492
1.45478580210146
7.30312778439735
6.57524174102836
7.00527541362094
9.75374261661606
10.0099176626807
9.01448964680483
1.45478580210146
1.45478580210146
2.76497848888993
5.44682347313539
7.64189976495966
7.93817722018276
6.57524174102836
7.67882220354889
7.00527541362094
9.98636464935553
7.72375246743311
7.72375246743312
10.0099176626807
2.76497848888993
1.45478580210146
7.0660684994327
7.67960449808038
6.83231830954661
6.83231830954661
5.9050165213732
4.14445480744821
6.6694752223827
7.00527541362094
8.78499037542291
8.14516320743437
9.98636464935553
9.98636464935553
9.75374261661607
8.75608586719239
2.76497848888993
1.45478580210146
2.76497848888993
8.75608586719239
10.4597543495863
9.54732687223942
7.18159631020014
6.13462079306492
5.9050165213732
5.9050165213732
5.84694815649159
6.6694752223827
6.6694752223827
8.46416721302638
8.50367813214085
9.50305344616207
9.25829578928582
8.75608586719239
9.74166354784018
8.22326203555408
4.17547724259791
4.17547724259791
10.1917874667542
9.75374261661607
8.75608586719239
8.28874860195677
7.18159631020014
6.83231830954661
3.12658055497128
2.20924283115505
5.12065585813912
5.84694815649159
5.12065585813912
7.21397894314372
8.14516320743437
8.80970968360358
9.01448964680483
8.75608586719239
8.22326203555408
6.47793467946916
7.0660684994327
7.72375246743311
1.45478580210146
10.6880274739668
10.4698570058493
9.74166354784018
8.75608586719239
4.98353387544513
1.45478580210146
1.45478580210146
8.14516320743437
8.14516320743437
7.67960449808038
8.28874860195677
7.67960449808038
8.28874860195677
8.28874860195678
2.20924283115505
1.45478580210146
9.24154080497084
10.9438503539875
9.98636464935553
8.22326203555408
2.76497848888993
2.20924283115506
6.87359090279533
8.18700833791304
8.11042598980119
7.93817722018276
8.53211376884762
7.63425785919793
3.01547485377252
5.24110791784615
6.18086277028536
6.83231830954661
2.76497848888993
6.13462079306492
7.67960449808038
7.67960449808038
6.52137442219192
8.2288129145844
11.2734441535746
10.2378941767819
8.28874860195678
2.76497848888993
7.71634652299658
12.4545502462793
11.4552856236325
10.1967854561119
9.80367650357876
8.91350906321914
8.94518430420048
8.81202853891864
8.47835074366707
8.42375861697619
2.04898426397566
7.20147713903223
9.18742895500586
8.57201159224305
6.83231830954661
5.44682347313539
6.13462079306492
3.54116620956127
1.45478580210146
11.3448361221956
10.7947810594991
9.24154080497083
2.76497848888993
9.45633852452101
11.8506866647085
10.9923123699623
9.27326094642199
8.67923964772515
8.01640526470834
7.25625647715449
8.01640526470834
8.18724125816674
8.74606417328864
7.52791603982442
6.87386832819489
8.20058444213561
9.18991397481044
3.6206836970569
8.15238781640279
7.30312778439735
6.62693151661851
6.13462079306492
5.9050165213732
2.20924283115506
5.38381542909009
11.0736585644787
10.5094198453434
6.468841239467
7.94919110134125
11.6771661777439
9.95472260102897
6.56460225531174
3.4434634818375
2.20924283115506
2.20924283115505
3.12658055497128
5.12065585813912
6.6694752223827
7.86968353907286
8.50367813214085
7.51353823858701
7.20147713903223
6.54326155489314
5.90326904761563
6.94619903393389
7.98104472810538
5.18686165137307
7.93817722018276
5.9050165213732
6.62693151661851
6.87359090279533
10.7604459941408
9.0604096673612
2.04898426397566
2.76497848888993
10.4426723011187
10.2089144652099
2.63869071151469
2.04898426397566
2.9001157254055
1.45478580210146
5.24110791784615
8.20058444213561
7.9007667325404
6.98449209857457
6.38885306982753
5.57587799439161
5.57587799439161
7.98104472810538
8.57201159224305
1.45478580210146
7.59711883839527
7.59711883839527
6.91561912135616
6.6694752223827
10.4623278637289
8.03099175955956
5.49850564822149
7.43128204541027
4.24267470111462
1.45478580210146
5.24110791784615
8.42375861697619
9.6149683629808
8.92116462509928
8.9969344321712
5.43644745076264
2.04898426397566
7.60461248738631
7.50393772649255
6.38885306982753
5.01214099053814
4.86717738777668
7.93817722018276
7.93817722018276
6.57524174102836
8.15769235546992
8.53019877996316
6.6694752223827
2.20924283115505
5.12065585813912
9.97854202836589
8.14516320743437
5.92691458038988
1.45478580210146
6.12540996277877
6.92929915138902
8.95866024766553
10.6872863423614
11.7132247896935
8.11922170083836
2.04898426397566
8.1204923179407
7.61424383366649
6.94619903393389
8.99928273470452
8.40490991903855
9.25512783566517
8.01640526470834
1.45478580210146
1.45478580210146
7.54115126639829
8.74606417328863
7.54115126639829
3.01547485377252
9.41495556462825
8.84175678954153
2.04898426397566
1.87507843596735
7.82074008970512
10.4920284326917
11.4910994840413
7.64171508886171
2.86611206243215
6.21420686301706
7.51385802320615
8.99928273470452
7.97996458417346
8.69287629569883
7.34175413993561
5.12065585813912
3.01547485377252
9.08088633463667
8.77089318920192
6.18086277028535
6.12540996277877
9.24965060785708
5.17559608485047
1.19749085884021
2.04898426397566
7.54153564064397
10.2854772385827
11.3917603200631
5.84518332266376
2.86611206243215
7.00407472180611
5.99615954216142
7.50192209239783
9.8140373649812
7.34175413993561
7.67882220354889
5.24110791784615
9.48622412504673
10.0433987286321
8.15887049900944
2.04898426397566
3.1078556932006
4.27876880457808
6.64464355817931
2.99661797540141
2.74448191493931
8.89797030172519
10.4093688448018
8.82755796930093
2.33375926415622
1.19749085884021
6.3912973123434
5.99615954216142
7.31535938443168
10.4261591705909
7.67882220354889
7.20014233693099
5.9527219432555
7.15393986632637
10.4440528242711
9.76401191806355
7.24064578611804
1.45478580210146
5.5500501505769
5.21753799330187
9.48361564333998
3.6594376564012
6.15905427507975
9.12733941888097
9.12733941888097
2.86611206243215
6.3912973123434
5.99615954216142
6.64547294245706
7.86968353907286
7.52791603982441
5.95272194325549
2.04898426397566
2.04898426397566
2.20924283115506
8.6799317472345
11.0401908202912
10.4920284326917
6.43297147233451
2.18266234906934
43.3012701892219
1.41409432960848
8.53293254671819
7.87066246689693
2.90069661882691
8.36421504829727
9.24673956289153
8.68001374078708
1.45478580210146
3.58131338269386
5.99615954216142
6.97278501344176
8.04339922931644
7.54115126639829
7.20147713903223
8.20058444213561
3.21577119564647
1.45478580210146
10.0204040267503
11.2082451705069
10.5614221146953
8.86496262852838
5.21753799330187
4.70409482385072
1.19749085884021
1.14771311748221
1.45478580210146
0.866929630371318
8.07166857657784
9.48716223404195
1.19749085884021
2.86611206243215
7.80483712883546
7.31535938443167
7.26856695301092
2.86611206243215
5.99615954216142
7.15806704723796
8.31312431236034
9.82040127294631
5.24110791784615
7.20147713903223
8.08431089279349
6.38885306982753
2.04898426397566
3.69797631822577
9.05218435195437
8.60988630531528
7.8396131652936
5.46387245091443
5.1855672286446
1.45478580210146
4.11443615127529
4.11443615127529
1.45478580210146
1.41409432960848
8.71074428678915
9.99591417267821
1.41409432960848
1.63770575685041
6.22240157913868
6.64547294245706
4.85347947511718
1.45478580210146
4.85347947511718
9.22696787885416
7.20147713903223
8.65964183404806
7.50393772649255
8.1204923179407
5.57587799439161
2.86611206243215
1.19749085884021
3.05773921073056
9.69076855184077
7.41947023132054
2.56546351162028
8.79133557387892
9.52596158542484
1.14771311748221
1.63770575685041
4.85347947511718
5.99615954216142
5.76103958483532
1.45478580210146
6.77165996537511
10.3816987970602
5.51695756535688
6.38885306982753
6.95294146932594
7.61424383366649
8.40490991903855
7.80483712883546
7.00407472180611
3.58131338269386
2.33457623508102
2.18353585370493
2.18353585370493
3.34556575486091
7.57190315126785
9.30546586128292
11.0172045420205
3.05773921073055
7.57190315126785
9.22350520661966
9.83426673556792
1.19749085884021
2.33457623508102
6.38087306713781
6.72108334375299
6.77165996537511
1.19749085884021
7.11023955150344
1.45478580210146
2.04898426397566
5.57587799439161
7.61424383366649
8.71923482383877
8.1423600862243
7.67443992024712
7.96739685471163
7.96739685471163
7.8716679472949
8.46905053445809
9.19819990357455
10.4250542628518
11.7688921986189
3.73643898270561
2.84634384637977
8.55823951254969
10.3891504800039
5.98673568753945
3.25992819001785
5.80992732433586
4.07381760801598
7.82820151116971
6.67012323279591
1.45478580210146
1.45478580210146
2.86611206243215
4.86717738777668
8.10034631363058
8.6372760992951
8.96128741891455
8.93483541524402
9.23698939141964
9.99242790481017
11.0144778803701
7.62266720430762
2.60404407595375
2.99725427430989
6.81330092410495
9.37223620395532
10.9138829313594
3.56551265352783
5.20476224268195
5.6126031993573
6.05993928067793
5.80992732433586
3.65995872319035
6.70307731265116
2.04898426397566
1.19749085884021
1.19749085884021
5.0634176007325
2.86611206243215
5.70150504034236
6.67012323279591
6.85468712040995
2.02124007763175
2.99725427430989
6.12128848958647
9.47824156801686
8.16166788095801
7.2882105466106
2.45273818689033
5.6126031993573
4.40047224224459
4.42307568043097
8.20336759947107
5.6126031993573
2.86611206243215
1.45478580210146
2.33375926415622
1.45478580210146
2.18353585370494
4.40047224224459
7.39117300456614
8.01640520845116
9.71053466274808
8.73190338252305
1.45478580210146
4.89646435148957
4.89646435148957
3.6871046059899
7.39117300456614
8.77089243205659
4.20957926933044
4.86717738777668
4.86717738777668
1.45478580210146
5.13036208979422
6.97278501344176
4.00378714311289
5.70150504034236
5.80992732433586
5.20476224268195
6.41362836123918
6.8631980049682
7.39117300456614
9.42931271463313
2.45273818689033
2.96379666387796
5.47213132560944
4.24340724490358
8.01640520845116
7.39117300456614
6.21420686301706
8.1423600862243
5.58707143789233
8.1423600862243
5.99615954216142
5.76103958483532
4.85347947511718
5.70150504034236
3.91763884429971
6.04346105848698
6.41362836123918
4.89646435148957
0.866929630371318
5.47213132560944
4.24340724490358
9.22696783502484
9.74560930929524
9.22696783502483
8.40490991903855
7.80483712883546
7.00407472180611
5.13036208979422
4.3352812647359
5.70150504034236
6.81330001560837
4.07381760801598
7.33487766392297
4.42307568043097
1.45478580210146
6.12128848958647
7.39117300456614
8.20336759947107
9.74560930929524
7.92703095473347
7.80483712883546
7.31535938443168
4.3352812647359
4.00378714311289
3.91763884429971
7.40075745043829
9.06393522532253
2.45273818689033
4.40047224224459
8.77089243205659
8.20336759947107
7.92703095473347
6.97278501344176
6.97278501344176
1.19749085884021
0.866929630371318
2.45273818689033
7.33487766392297
7.73105998191866
16.9825883274776
14.8768655278894
15.5261115573911
15.1752704367616
13.1934330535919
9.82089065918734
7.80991547149937
9.06724853398779
11.5706197624137
12.3792313583372
12.7916375727714
14.2064365407694
14.8241162618823
14.5102666068719
14.0281397853474
13.3197728570585
6.52137442219192
5.878999747169
9.82089065918734
11.5714927574946
11.0723123008683
10.3659483583082
10.2593475243859
11.0192319817936
11.2427715566469
13.2050842156489
13.6762586525338
15.0284876755471
14.1235180310042
13.0689977380389
12.3360633742545
3.54116620956127
8.75608586719239
11.913841594641
10.7685477064688
10.6247766838073
9.44573470046264
8.4850077427917
8.57201159224305
8.98324772056882
10.3168036066659
10.0362888595255
12.8687989667615
13.8716471948033
15.6570337074487
13.0599852804279
13.0599852804279
12.5757592477021
11.6767121548168
7.18962209375244
9.25829578928582
12.3083728494319
11.4212096731578
10.7685477064688
9.40660443584757
8.87452414910249
8.15238781640279
7.98104472810538
7.93817722018276
8.64450568433872
8.81448166927604
10.0126778828071
12.7896644897602
13.2456012407048
15.1518638773616
14.2531274884278
12.8201586608972
11.8859750386228
10.4698570058493
8.75608586719239
9.22136776996327
12.3423928784653
10.9535065271224
10.492324738907
8.56126960591393
7.67960449808038
6.13462079306492
4.46551876135288
3.12658055497128
2.20924283115506
2.20924283115506
5.12065585813912
6.6694752223827
7.8570017490834
10.0783392718477
14.2091425683535
13.8136687652016
11.4212096731578
11.6796956929868
10.7199043212735
9.27838853588979
6.52137442219192
12.1341692948684
11.6215341482771
10.4698570058493
9.64740260161391
5.878999747169
2.76497848888993
3.12658055497128
5.18686165137307
6.57524174102836
5.84694815649159
6.87386832819489
11.0990819790088
8.28874860195677
12.2914741461209
10.7685477064688
10.5371164857458
9.27838853588979
5.878999747169
10.7368152789133
11.6504452321696
10.7199043212735
9.40640170729071
4.17547724259791
2.20924283115506
8.60374420555958
10.097801293574
10.9868460064908
10.866905217272
10.8929016986843
11.028278015567
10.9429720278657
9.67483554963889
6.87386832819489
1.19749085884021
10.8267428017025
12.2447998079208
6.13462079306492
10.0697523578527
9.44573470046264
9.40660443584757
7.49448526860822
2.20924283115506
3.54116620956127
12.060218360011
10.9868014443681
10.0099176626807
4.17547724259791
5.82067183873331
11.4043040846518
10.1233501944016
9.78564476823522
9.46941599046813
8.53211376884762
9.28563781710924
9.46961736792483
10.2962874279108
10.6554909002908
10.5454367648345
11.8973923438769
8.20058444213561
13.8056645951933
8.61172457238034
6.83231830954661
9.43950002831233
9.04549082953866
8.44725867892935
6.83231830954661
8.40676880946283
11.6252974338622
10.1266727527822
7.67960449808038
4.24267470111462
11.5524147338973
9.9991589809932
9.3123064310429
8.48067553941148
7.77692527942209
7.30312778439735
7.67882220354889
8.36628436622235
8.78499037542291
9.77761020883565
10.2584099878384
10.6902748616776
11.8500364799506
10.3651363671052
7.50393772649255
14.7986118718889
8.61172457238034
6.62693151661851
10.2317414553974
8.95170716640574
7.64189976495966
5.18686165137307
8.16231674651529
10.7079516096893
8.9063380403524
2.76497848888993
9.91226898639585
8.43536161008222
3.4434634818375
3.4434634818375
2.20924283115506
4.06129145445023
6.87386832819489
8.3674331398351
8.93523884980576
10.1478387696069
10.6216099097442
11.8182591752026
12.9063691280691
14.2412869672623
6.62693151661851
3.12658055497128
9.59685495570258
8.57201159224305
7.98104472810538
6.13462079306492
8.18700833791304
9.29681129944874
6.87359090279533
2.63869071151469
3.4434634818375
2.76497848888993
2.04898426397566
5.95272194325549
4.06129145445023
1.87507843596735
4.21214720386237
7.60461248738631
9.18742895500586
10.369192550071
11.3846482435055
12.861553190116
14.2079931962857
13.4560017899893
7.25625647715449
9.0985981495777
9.32231125008811
8.01640526470834
6.07874616197406
8.01640526470834
8.19941229232209
5.12065585813912
5.8951235068254
6.92929915138902
9.56083439535005
8.23500234417827
5.17559608485047
2.33375926415622
6.98449209857457
9.64560746913899
11.1600743297658
12.6631984063952
14.0202934252951
12.6770159672226
7.93817722018276
8.7756862822809
10.0022335854971
8.53019877996316
6.87359090279533
5.8951235068254
8.49751758021693
4.1303470428059
2.20924283115505
1.87507843596735
7.44275217721696
10.5851711354897
10.7844251428761
5.84518332266376
2.33375926415622
8.86612638497549
10.7297625759666
12.1908128192268
13.6630231251484
14.4842780628302
12.7935273636576
10.4261591705909
6.6694752223827
10.9201112133924
9.06989824426712
7.86968353907286
2.04898426397566
8.35924462276386
2.04898426397566
4.45285669490941
8.56048543935762
10.6482052708802
10.3964336460381
9.81795472687232
4.86717738777668
10.0189156069612
11.8852673995037
13.4939326009742
14.2551851890114
12.2228994268447
11.2427715566469
5.95272194325549
43.3012701892219
10.8041920856003
10.044426569271
8.80970968360358
6.18086277028536
3.30255398120523
2.20924283115505
1.45478580210146
3.55336116672627
9.39259690919635
10.5799023714161
11.5856049125495
2.86611206243215
8.71923482383877
11.4983729261772
12.5497855217523
14.4630274449134
12.9256628968552
11.2427715566469
8.46416721302638
6.87386832819489
11.3752524460415
10.3841294101696
8.60773601753877
3.21577119564647
1.45478580210146
2.18266234906934
2.74448191493931
5.57587799439161
9.86495615305147
10.910424897424
9.66787871619981
4.86717738777668
11.1466090638471
12.2283044742425
14.7209073905227
13.2135806218893
10.6021363299017
10.0783392718477
5.24110791784615
7.55961068510289
11.1287465893209
9.21816300676578
7.64171508886171
2.18266234906934
4.27624087731288
7.19603835499005
2.90069661882691
7.80483712883546
10.2663716256213
11.249716182959
2.86611206243215
1.19749085884021
11.4525150110342
11.8238911604968
13.5732098979506
11.9816183333318
10.0783392718477
8.50367813214085
2.04898426397566
8.11922170083836
10.0303509100813
10.0579826165528
6.43297147233451
2.96315318038809
2.96315318038809
7.22170463472039
1.41409432960848
1.19749085884021
5.99615954216142
8.74400261764768
10.4662995686949
8.26886719691297
8.31002900675884
12.4927891522635
13.7769518721675
12.4989991389014
10.2584099878384
9.73500130046535
6.98449209857457
2.04898426397566
3.52518553570496
9.53881768093032
8.61253724140665
5.46387245091443
4.07381760801598
1.45478580210146
4.32223768223995
8.32721619237167
3.25992819001785
5.39304805554445
7.99118651486692
9.28667283504766
7.67443992024712
7.34862408956725
12.630708380672
14.2225304952578
12.7124948236114
11.1297815858959
10.3651363671052
9.62378471170025
7.68592437902509
3.6206836970569
1.19749085884021
2.18353585370493
2.18353585370493
1.45478580210146
1.45478580210146
0.262963136248475
2.56546351162028
0.262963136248475
1.45478580210146
7.06783871421476
8.79925853377127
4.84143822210081
5.13036208979422
7.67882216460808
9.05703912095381
6.97278501344176
5.76103958483531
13.2952154059678
14.3299163311514
13.3414936322478
11.551747756811
11.3363168782753
10.6057620172412
9.64560746913899
9.02067343557966
5.57587799439161
3.58131338269386
2.33375926415622
1.45478580210146
1.19749085884021
1.41409432960848
2.30943872844463
3.09017986545992
6.40339439361716
6.38780222299915
2.02124007763175
8.53673336247307
9.20903491068275
2.94900299119344
5.99615954216142
7.45100934811333
8.86471590681188
8.56317612458472
1.19749085884021
3.91763884429971
5.24110791784615
10.1221142829942
11.3669048018244
11.3846482435055
11.1600743297658
10.460672595377
9.28356665926052
8.44156748475346
7.67443992024712
5.70150504034236
6.76303480175127
8.26223996936169
8.87945238183464
10.0207636875909
7.11595206861762
0.866929630371318
1.45478580210146
5.5514770377302
9.46738566094826
10.3655319050967
2.30943872844463
1.19749085884021
5.80992732433586
7.53429731923869
8.59614237647811
10.3080662134325
1.63770575685041
4.78266093742737
13.4468388351176
6.38885306982753
11.1294582829942
11.6608562424212
11.249716182959
10.8401620370209
9.99081570854745
9.28667283504766
8.86471590681188
8.96643531809178
9.36890258010781
10.2097381824572
7.94374803927171
0.866929630371318
3.65995872319035
9.03485925998891
10.5795616501624
9.69976439162598
2.18353585370493
7.013502916095
8.32721619237167
8.42375783241215
8.76705608104121
1.19749085884021
8.65964183404806
4.86717738777668
10.2663716256213
10.1671195610641
11.3092593644795
10.751911253777
10.2473476212869
7.82820151116971
6.76303480175128
2.30943872844463
1.45478580210146
3.65995872319035
8.51299793492036
10.2202758005899
11.3006508764425
9.06393522532253
4.40047224224459
7.73105998191866
9.10150202668948
10.5042268087431
11.1678229174751
7.5209562225644
10.8480278458409
6.38885306982753
1.19749085884021
1.63770575685041
1.19749085884021
2.18353585370494
4.89646435148957
7.92703095473347
9.74560930929524
11.0012267555665
8.73190338252305
0.866929630371318
1.41409432960848
9.07254645735129
10.2536069172322
11.0656905551988
12.3313874963181
12.7084692172273
13.5087569082639
10.1586070626046
7.80483712883546
7.00407472180611
2.86611206243215
2.33457623508102
2.33457623508102
2.33457623508102
3.91763884429971
6.2679959893464
7.02445799545893
8.52512669337774
9.51417261745197
10.7144116232354
11.4859324433899
3.65995872319035
4.89646435148957
9.74560930929524
11.515600786199
12.5160015813688
13.6215426425546
13.9276084772322
11.7971964861387
12.1726245162426
10.4988496529216
8.99928272571688
8.01010799012466
7.83565427111514
7.45100934811333
7.72872852842731
7.69304721880778
9.61616624359668
10.2202758005899
11.0012267555665
4.89646435148957
5.47213132560944
11.2652974962122
11.7829298208204
12.0224610189145
14.6080076143863
14.4910782824539
13.224578097119
12.1726245162426
11.4525150110342
9.64872096243293
8.72309219816412
7.79198694066249
9.01515596086445
9.34033699060252
11.3656363187827
10.7881668936078
4.40047224224459
3.65995872319035
12.0224610189145
12.7509966561693
13.7729908974646
14.6160655723023
15.1068885397545
14.1290463326944
13.4939326009742
11.4525150110342
9.39164863754911
9.20631818922059
10.3636293459291
9.73487784340643
9.06393522532253
1.80215386747246
8.20336759947107
12.5992395678549
13.0641243553639
14.3872340074709
13.7667447288115
12.0288551590339
10.6546544207249
7.19747193594939
2.18353585370493
1.41409432960848
8.52512669337774
14.269169151836
14.5429701593017
15.3554363572159
13.6151023701517
10.7540797717791
1.45478580210146
2.20924283115506
11.1785327909803
9.28563781710925
13.5899176317563
11.4212096731578
10.492324738907
11.6796956929868
7.72375246743311
2.76497848888993
8.83871073719042
9.40660443584757
8.15238781640279
8.87514655918986
8.31349897944637
7.67882220354889
13.0825052387211
14.1263249995978
9.75374261661606
9.01448964680483
10.7199043212735
7.72375246743311
8.28874860195678
8.83871073719042
7.67960449808038
7.18159631020014
6.62693151661851
6.62693151661851
7.59711883839527
6.6694752223827
7.34175413993561
8.46416721302638
11.6842209569338
12.4476026499337
10.2367199576989
9.75374261661607
10.2252114472258
7.18962209375244
4.17547724259791
8.28874860195678
8.56126960591393
7.67960449808038
6.13462079306492
6.83231830954661
5.18686165137307
6.57524174102836
5.12065585813912
7.67882220354889
7.54115126639829
9.1183832994441
12.2110575930079
15.2284601755651
12.2053902292428
9.25829578928582
9.25829578928582
7.72375246743311
9.25829578928582
10.2252114472258
8.75608586719239
7.72375246743311
5.878999747169
6.52137442219192
6.52137442219192
5.44682347313539
3.12658055497128
6.62693151661851
6.96478321304095
7.59711883839527
8.80316105600417
9.38499402509836
9.6977817541147
8.80970968360358
11.9043577909563
10.7199043212735
6.47793467946916
8.28874860195678
9.01448964680483
7.72375246743311
9.98636464935552
7.18962209375244
7.72375246743311
4.98353387544513
2.76497848888993
2.20924283115506
2.20924283115506
5.95272194325549
9.77761020883565
6.18086277028536
8.83871073719042
9.27838853588979
8.56126960591393
7.0660684994327
7.0660684994327
3.54116620956127
10.2378941767819
8.75608586719239
7.18962209375244
6.47793467946916
2.76497848888993
2.76497848888993
2.20924283115506
7.44430051913949
8.11042598980119
7.93817722018276
7.55207238257885
8.31349897944637
7.34175413993561
1.45478580210146
8.42375861697619
9.54732687223942
8.44725867892935
6.13462079306492
6.13462079306492
7.0660684994327
2.76497848888993
8.2288129145844
10.2378941767819
8.28874860195678
4.17547724259791
1.45478580210146
2.20924283115506
1.45478580210146
8.08550053375973
6.78219404838697
7.25625647715449
7.89507696010865
7.34175413993561
7.67882220354889
7.54115126639829
6.87386832819489
7.828200757089
5.24110791784615
11.5221724889015
7.48999516637031
6.83231830954661
5.44682347313539
5.44682347313539
5.44682347313539
9.37026091629882
6.468841239467
7.0660684994327
2.76497848888993
2.63869071151469
6.42504632967569
5.82067183873331
5.38381542909009
6.78219404838697
5.9050165213732
5.12065585813912
7.34175413993561
7.00527541362094
7.52791603982441
7.51353823858701
6.88836035014252
7.20147713903223
7.20147713903223
10.398812563947
6.62693151661851
6.83231830954661
5.44682347313539
4.46551876135288
3.12658055497128
8.83599238908755
7.13392656183747
4.46551876135288
2.76497848888993
2.76497848888993
1.45478580210146
2.20924283115506
1.45478580210146
3.12658055497128
5.18686165137307
3.01547485377252
2.20924283115506
5.24110791784615
5.24110791784615
6.18086277028536
6.19697564180741
6.54326155489314
7.60461248738631
8.08431089279349
9.43147793648253
5.18686165137307
7.30312778439735
6.62693151661851
5.18686165137307
5.18686165137307
2.20924283115506
7.1126746016306
6.07874616197406
2.20924283115505
1.45478580210146
5.24110791784615
5.49885244918371
5.90326904761563
5.90326904761563
5.57587799439161
9.36243548883621
8.40490991903855
14.4577099213857
8.62078897220594
7.59711883839527
7.59711883839527
5.84694815649159
5.9050165213732
2.20924283115506
5.84694815649159
2.20924283115506
1.45478580210146
3.1078556932006
2.33375926415622
4.5508013182784
5.57587799439161
6.95294146932594
5.57587799439161
8.40490991903855
12.3481348467204
9.8038710151242
7.34175413993561
7.34175413993561
6.91561912135616
5.12065585813912
1.45478580210146
5.12065585813912
5.17559608485047
6.12540996277877
3.1078556932006
2.33375926415622
3.6206836970569
7.61424383366649
8.40490991903855
8.87633979015318
14.4241810025713
10.7036413103959
8.64450568433871
7.34175413993561
7.52791603982441
7.00527541362094
6.6694752223827
3.01547485377252
2.04898426397566
1.87507843596735
5.4547597018529
6.49090551485326
3.64812183927407
3.6206836970569
7.61424383366649
8.40490991903855
8.60374417080499
13.0401370828859
10.4259762687303
8.69287629569883
9.10744044912454
7.54115126639829
7.21397894314372
6.6694752223827
3.01547485377252
2.04898426397566
1.45478580210146
3.55336116672627
5.84518332266377
8.62014961128896
5.90326904761563
7.61424383366649
7.51385802320615
7.80483712883546
7.50192209239783
10.8987908348618
9.48014217271863
8.46416721302638
2.04898426397566
2.04898426397566
8.46345818221254
6.88836035014252
5.24110791784615
3.21577119564647
3.64812183927407
4.20957926933044
6.90369304813607
6.90369304813607
2.86611206243215
6.94619903393389
7.31535938443167
9.15158137888749
8.01640526470834
9.13602242009557
5.95272194325549
7.51353823858701
7.20147713903223
8.60773601753877
7.20147713903223
3.21577119564647
1.45478580210146
2.04898426397566
2.86611206243215
6.3912973123434
8.40490991903855
7.61424383366649
8.99928273470452
6.64547294245706
8.88012892106222
12.9256628968552
9.06128311932651
7.21397894314372
6.19697564180741
5.24110791784615
7.55961068510289
8.32259869974846
3.1078556932006
2.04898426397566
1.45478580210146
2.04898426397566
5.58707143789233
7.00407472180611
4.3352812647359
7.67443992024712
6.64547294245706
8.18084238758289
12.2690115146822
10.1497817977466
7.20014233693099
7.20147713903223
5.51695756535688
2.04898426397566
2.04898426397566
4.12772821922502
2.18266234906934
1.45478580210146
3.06252118605863
1.63770575685041
3.58131338269386
5.99615954216142
7.31535938443168
2.86611206243215
2.86611206243215
8.31002900675885
10.4468808825643
12.203913565987
10.2145618915097
7.828200757089
7.20147713903223
5.51695756535688
6.13293874138253
3.21577119564647
2.74448191493931
1.45478580210146
1.41409432960848
3.06252118605863
1.45478580210146
4.00378714311289
4.85347947511718
4.85347947511718
1.63770575685041
7.67882216460808
8.50367813214085
7.60461248738631
6.98449209857457
6.98449209857457
7.50393772649255
3.64812183927407
1.19749085884021
1.45478580210146
1.45478580210146
1.41409432960848
2.02124007763175
1.19749085884021
1.19749085884021
4.00378714311289
5.70150504034236
5.76103958483532
4.85347947511718
6.72108334375299
10.9625424128052
8.92083967867939
9.12128160226789
7.50393772649255
7.50393772649255
7.61424383366649
4.20957926933044
4.86717738777668
2.86611206243215
1.19749085884021
2.94900299119344
2.33457623508102
1.14771311748221
1.19749085884021
0.866929630371318
0.866929630371318
2.06998888197005
3.15352412882524
6.76303480175128
7.35450837699079
1.63770575685041
3.91763884429971
5.70150504034236
6.38087306713781
6.72108334375299
10.9370863327257
7.50393772649255
8.6110845344596
5.57587799439161
6.95294146932594
8.13542196400429
7.51385802320615
5.99615954216142
4.85347947511718
4.85347947511718
4.7107778836837
2.94900299119344
3.59337209352467
3.59337209352467
1.45478580210146
2.45273818689033
4.42307568043097
5.13878707769231
6.96468274805701
3.06252118605863
3.06252118605863
6.47793461590496
6.81330001560837
6.72108334375299
8.20058444213561
2.86611206243215
8.86612638497549
10.0189156069612
5.58707143789233
7.31535938443167
6.97278501344176
5.76103958483532
6.67012323279591
6.32717343890102
5.98673568753945
3.15352412882524
0.866929630371318
2.99725427430989
3.65995872319035
5.6126031993573
8.02928491443192
1.41409432960848
0.866929630371318
3.25992819001785
5.20476224268195
4.42307568043097
7.02445799545893
4.91140931214338
10.1720115475689
5.49885244918371
1.45478580210146
2.86611206243215
6.97278501344176
7.34862408956725
6.43412453033937
4.85347947511718
1.63770575685041
2.45273818689033
2.96379666387796
4.24340724490358
4.24340724490358
6.12128848958647
7.686798492938
3.6871046059899
3.6871046059899
4.89646435148957
4.42307568043097
7.02445799545893
6.41362836123918
6.95294146932594
9.16464632380588
4.20957926933044
1.19749085884021
1.19749085884021
2.18353585370494
3.6594376564012
3.6594376564012
3.6871046059899
4.24340724490358
5.47213132560944
6.8631980049682
0.866929630371318
1.45478580210146
4.40047224224459
4.89646435148957
4.89646435148957
7.39117300456614
10.3964336172764
8.86612638497549
8.71923482383877
7.31535938443167
6.3912973123434
5.13036208979422
5.76103958483532
4.00378714311289
4.00378714311289
3.06252118605863
4.07381760801598
4.07381760801598
3.6871046059899
3.65995872319035
7.39117300456614
3.65995872319035
4.89646435148957
4.24340724490358
5.47213132560944
8.01640520845116
9.46542950126047
9.78785449451123
8.71923482383877
7.80483712883546
6.3912973123434
5.13036208979422
6.43412453033937
4.00378714311289
4.78266093742737
5.80992732433586
5.20476224268195
3.6871046059899
6.8631980049682
3.65995872319035
4.24340724490358
6.70791504871458
9.51417261745197
8.01640520845116
12.1368826767145
13.6106893787046
8.1423600862243
9.9053075369292
7.31535938443167
5.13036208979422
4.00378714311289
4.00378714311289
6.05993928067793
5.1855672286446
6.41362836123918
2.45273818689033
5.6126031993573
5.6126031993573
8.51299793492036
10.6434652315971
14.42451415121
13.8385574085205
8.31002900675885
8.31002900675885
8.01010799012466
6.77165996537511
2.18353585370494
3.65995872319035
6.41362836123918
8.20336759947107
12.1443048486781
11.1898998932265
13.474330191184
8.72309219816412
0.866929630371318
0.866929630371318
7.013502916095
8.83604774606945
14.1268352283916
10.0853004084183
9.19702432878602
8.7707555129278
9.27838853588979
5.44682347313539
7.34175413993561
8.76431555827141
8.75608586719239
6.87386832819489
1.45478580210146
10.2252114472258
9.98636464935552
1.45478580210146
6.83231830954661
3.6206836970569
1.45478580210146
8.15238781640279
3.12658055497128
4.3352812647359
8.4850077427917
8.11042598980119
7.77692527942209
8.18700833791304
3.01547485377252
1.63770575685041
7.07208724142844
1.41409432960848
7.20147713903223
3.01547485377252
1.45478580210146
43.3012701892219
3.6206836970569
0.866929630371318
7.79365519609009
0.866929630371318
1.45478580210146
0.866929630371318
