4.27863397972292
2.2331121619153
0.00769894341125754
-1.83268872459485
8.0802577002527
11.6647334204596
10.069827124597
5.77112443191993
-1.78505017265021
-7.4593611566048
-9.91360740282986
-5.75178047857585
10.6757476083285
13.9851908000625
12.6269361765833
10.1044049912154
5.80939232695494
-1.93335040271569
-7.64726741128758
-11.8915155145182
-11.6091121060767
-8.48491329678803
9.72774443887303
14.3796627467618
13.4865626440102
12.2477920799064
10.175936434158
5.88149714513024
-2.10375132775709
-7.73528019732237
-11.6789427791415
-13.4804742684536
-13.5312063715813
-3.98367455713827
10.8039436534354
12.2852748370411
12.1440837507783
11.6159763186037
10.1256807915216
4.93802287191922
-2.49648753935796
-8.81207776261188
-11.1050417162858
-11.9305619467859
-12.3641406050139
-8.97954643242241
3.47503312240401
8.71516533010275
9.58271784257501
9.08430116041876
9.30607658547233
9.2027838904842
5.29033840594089
-4.15993907421055
-8.56950885416892
-9.7553946286554
-9.79373800096219
-9.84894928823454
-9.70067657847602
-1.85603414295124
1.31175443263719
2.66299364446334
2.73945828916098
2.8605159769832
3.08047901747028
3.49362115140553
3.40814767252598
-3.09103515963873
-4.83797555801619
-4.88919421100162
-5.85752920121094
-4.72045057228009
-4.61205661414424
-0.943624083028805
-0.820126226752748
-3.44487035356015
-3.60642972946884
-4.66672127179968
-4.08038054411435
-4.71328053434132
-2.53352167588099
2.19376199536575
3.06637256011179
1.96037470123395
1.67623198442476
1.60091497043683
1.43380899114848
-0.641926202749886
-3.8173266517567
-9.6658926887074
-9.78486380501436
-9.77731684139017
-9.73850991963295
-8.03227076622978
-2.84112168849488
4.54547508013521
7.78103281807059
7.3012296061967
7.22546660471471
7.24486641574412
5.37405468901886
-0.779249758029334
-11.3118732980716
-12.6110979054345
-11.8092293699741
-11.037006257246
-8.60423038250342
-2.72216067231776
4.73403570351742
9.13392216033371
10.4629611489814
11.3046391481013
11.7102495949179
5.93220283935969
-7.23610491949349
-14.5913596515345
-13.2465775079534
-11.5640134726489
-8.52460629073343
-2.60737755013194
4.55043358173481
9.31274874270538
11.2699448251677
12.4747651430264
13.402704341286
2.77634414885847
-10.3206417652147
-13.8419571538341
-11.4608758504557
-8.42154550554393
-1.54196506338815
4.48457522507878
9.45687412035929
11.6700013537943
11.3408373682938
4.15939215070424
-8.4728192936467
-8.55483961217707
-8.40691905288758
-1.49372518621227
4.4377004102379
8.54779872106855
8.42579872648599
2.78242429662539
-2.04445014273537
-1.05114733356771
0.643621923226725
0.426332143534167
2.48440275479262
8.0369049768776
6.29759581778044
2.50858971194218
-3.49805336829815
-4.88352940204823
-3.41217461294441
10.8097588941778
13.1004057506448
10.8637697685502
8.41918340322664
2.38679302614581
-3.95541864337376
-9.06453683010956
-9.78063609270522
-4.15755108661997
10.023793944182
14.1839709524374
13.075287542882
11.4677047736534
8.52742337063327
2.34150789672113
-5.05490365677742
-10.1234231915577
-12.6929672338328
-11.7739897526271
-7.51493352508998
5.47094586562815
12.1970817375801
13.2941176953529
12.3453581039457
11.2535533242153
8.58213081048355
1.23706781725916
-5.34053934329132
-10.427235081891
-12.5501854628631
-13.5203631196065
-11.4625477188535
-1.75590385281073
6.47902260796722
10.47301798727
10.9338275667977
10.8060446922461
10.681571318949
8.84416302864781
1.0405717873542
-5.79425700594379
-10.3310238913061
-10.9052351858624
-11.6589249944149
-11.7000640238488
-8.46197123199799
4.38980672457732
5.85860543981665
6.17543718043224
6.47636612537218
6.81387805084186
7.67255705944622
0.488392716012608
-6.4201926210378
-8.48413991727639
-8.39012137155768
-8.28614243003172
-8.19766928693508
-4.98577917092914
-1.40715286518774
-1.45609063956351
-1.528737184143
-1.6004711353498
-0.778209366631249
-1.07969789395478
-0.580843677065214
-1.3741103242408
-1.40493784840131
-1.4636196450773
-1.50814215001683
-1.54536022997117
-1.67487361782089
-5.92422580793588
-8.09753775301254
-7.45751646464772
-7.59351877613785
-7.1016437249533
-6.32824833921132
0.65352128678506
4.76901519683851
5.09461148076391
4.80556456645061
4.64406858269655
4.22253883749393
-0.128525721736722
-7.73490932073611
-11.6572102803201
-11.76184343422
-10.7933414146738
-10.0564831729874
-6.04621348990427
1.74009341287659
7.19103987212328
8.96533687358596
9.59999151650973
9.9991030026695
8.80654232191837
2.60702763646323
-4.52675660849297
-13.3206714531584
-13.5642571725395
-12.0090277380329
-10.1659841485449
-4.89064859008673
1.64079815936205
7.29441404039758
10.2218809085483
11.7094213569661
12.2745097811961
11.5689958427878
0.204122783961735
-7.60524356437577
-11.5210725744344
-12.0804970589254
-9.92139074657944
-3.70337450948095
2.48412375790567
7.27122232546089
10.5301276644003
12.1036760571084
13.2332117619832
7.14699692517848
-2.16828555331395
-10.243857906708
-9.77741155045583
-3.63148928821867
2.5100059156602
8.13770882503257
8.65030294338603
10.4713855072226
2.82773345472402
-2.52809142148327
-4.75852587881139
-3.02963214945341
1.40249464353196
4.57653429961812
2.5693129695909
-0.675014900712665
2.38576467967119
0.926890845452383
1.06196287080903
-0.684529095317781
8.97160880888243
3.70544158956484
3.17586525879989
3.40357747755869
1.28418000141685
-5.52274001710207
-5.83552746868047
-1.76995708639369
11.1317569446412
13.3926550334168
9.59547529433233
8.98367278535042
6.53957138821107
0.055628745309618
-5.98577628659319
-5.86964056449917
-0.567089952041465
5.92811913806512
12.8836922076203
13.2838081375458
12.0535741621217
10.051798058588
5.90773105620049
-1.19313337734737
-7.08153941048705
-10.9737173784365
-10.3249472526508
-6.92952001200002
-1.68285231973503
5.28655954831471
12.0356879904181
12.0636192893516
11.4109972709975
10.1256807915216
6.05122475335547
-2.49648753935796
-8.12590523213718
-11.0680659947081
-12.2202146972756
-12.6710518963502
-9.61401411811687
0.99726463284166
3.2328802910199
8.76371931674111
9.21422419584493
9.33089033886793
9.71281454324855
5.29033840594089
-4.15993907421055
-8.56950885416892
-10.0623059199917
-10.4384395229817
-10.3190925155271
-10.1990161998897
-2.22302794487048
1.23833823012219
0.181209292209501
2.54857111037535
2.8605159769832
3.08047901747028
3.58282773552097
4.07807996940058
-3.09103515963873
-5.89425276258454
-5.95867730749111
-6.58955547776248
-6.50368566462627
-6.3352473094499
-2.01364303454235
-2.80916187216941
-5.11383087117555
-4.48337998602492
-4.66672127179968
-4.97664910672811
-4.75712500453222
-2.53352167588099
2.22711744144652
2.15508439135738
1.96037470123395
1.67623198442476
1.2114222723155
-0.817310966391094
-0.381588620535447
-3.6434525591452
-9.70209949524077
-9.99985727774168
-10.0842281327265
-10.0173220647357
-8.60983817285701
-2.84112168849488
3.68807047851163
7.14787338364774
7.3012296061967
7.38518553566678
4.70542361921226
0.459331476024478
-1.01639942156508
-8.8565829673813
-12.7489082023856
-12.3825491561685
-11.037006257246
-8.60423038250342
-1.70582841916343
4.64640149461316
9.42273875747841
10.4577782579923
11.1856202705138
9.94228762758152
1.86965375763918
-1.18156562241432
-6.46134155115746
-10.0706664686448
-9.64491558592908
-7.83193458757599
-0.599580996222561
4.55043358173481
9.62380270861797
11.3811542829751
12.4676914093222
12.550954467271
2.03328189969668
-0.772827989571867
-7.95949276678023
-5.6361916722863
0.421325178687082
5.40817673010441
7.44946037968625
9.3097456242851
11.7025595970835
7.40683203928512
-7.20296397842393
-9.90122640037918
-5.43452401472166
-0.391614012587243
1.9868051255824
0.470230573665338
3.12576894961275
3.56159020756367
-1.20991280722066
0.0191177417133301
-1.0217786569189
0.931681613039921
0.815050405527588
2.57681678312675
9.28797777673545
2.32817967020519
0.775784136185207
-0.763093854605188
-4.65921567633373
-7.44775203237759
10.8682351785777
11.0994350849644
2.39448290382574
2.77930284954762
3.54711676616039
-0.970335850856833
-6.4472530657118
-7.15230368498188
-4.15755108661997
4.61218003406121
12.3471455859511
11.539986418739
8.00115344377393
8.32796605982687
4.49546626595798
-3.28108756159435
-5.21067487546452
-3.245945101353
-0.175250640865759
4.55480657098569
12.5392157338137
12.1091743007054
11.0703204348303
8.6748658464046
2.23993345614161
-4.61531026770254
-10.0936615888873
-10.071263587592
-6.43785425222757
-1.70646074420742
1.05543746511875
2.7782252129434
10.6038526083544
10.7089100653563
10.4422828521105
8.84416302864781
1.0405717873542
-6.02211480140306
-10.3310238913061
-11.4569289513398
-11.5008451174254
-9.95484629302206
-3.61238060182242
1.45968881186265
1.9256734389003
2.15901578885857
5.96142753501419
5.44443609070589
6.96039982245185
6.9334382656625
0.488392716012608
-7.02021062244787
-8.48413991727639
-9.05339547893521
-9.21731105323
-8.70888976719717
-6.15408861343715
0.695936796927751
-2.32173887714782
-2.30432852361065
-2.37173392454933
-2.4815606647045
-1.75046842681042
-1.07969789395478
-0.580843677065214
-1.3741103242408
-2.43196518012992
-2.50796924248717
-2.65237062935311
-2.72840884975734
-2.65181734598904
-0.836576490486074
-0.631962999567867
-4.67736943448154
-8.6050304618169
-8.90642301942355
-8.47368031638897
-7.84519924906051
-6.32824833921132
1.61472256318754
4.70707993408285
5.05116905699684
4.80556456645061
3.80260905330014
0.202249185542178
-4.19652807152207
-9.71115750465673
-11.5928707883369
-11.3675144079674
-10.0564831729874
-5.0354840416746
1.74009341287659
7.19103987212328
9.20516680689476
9.01827017416861
7.26777754342777
-1.06874791979627
-1.14893744168696
-7.10440135176063
-9.81483589068348
-9.86805757987092
-3.8929110325279
2.5431206827937
7.15480802943759
10.3067230307067
11.1815912951363
8.41176467929412
0.208516319245254
-1.12926447497326
0.0860402006079275
-0.781178773865821
-4.79083267458003
-2.6990410080418
3.41441661173951
4.88152284315384
3.97619288296493
11.7168859907137
10.1859076494246
0.213367311198331
-0.0417570556735682
-9.20429939544593
-9.1325038540798
-6.11048911561129
-2.23703968627608
1.40052432002176
0.403714175431553
2.63776247857462
10.6662283049015
7.93144755844284
-5.39459162320981
-3.66040452607898
-1.32611799917577
2.5693129695909
5.99389091985227
-0.863077682657559
-0.967357260236132
0.915189364800793
0.756505381940723
2.51184455874706
7.65883439831728
6.39167034859711
2.04804762027745
8.34579142946392
10.638624093416
4.00255179223376
0.17778624365665
-1.48563432229837
-6.27724107101538
-6.90816530060083
-5.81281180505378
1.18211319949701
1.18780778980373
11.5652208621935
9.41765216995448
2.30689368901273
1.4457905730397
-2.92902531913446
-4.29102437733138
-8.02581967392057
-8.13740309055245
-5.23301885484197
1.61614774391983
1.15874854718008
3.24689010516127
11.1332551975143
10.1964407184594
4.78887659760918
6.61386049584143
-0.191933059240901
-4.86521460721404
-1.28712756552996
-1.02936200520444
-1.68285231973503
-0.375624078922529
3.06551260973587
1.52286951677186
2.52787963880179
10.6563987083118
11.3811821368003
10.2598380760065
6.05122475335547
-1.64397307894196
-7.0087622699604
-9.39525696110876
-6.93265406285495
-2.17030128562985
-0.514586710388345
1.16465328665817
2.47491319892179
2.24170495290505
8.03254325458782
9.30607658547233
9.2027838904842
6.34308915817242
-3.45177187114066
-8.56950885416892
-10.369217211328
-10.6431758171366
-8.10671276577291
-5.99764916494904
0.928164478926719
-0.652588440451657
-0.604953124165602
-0.00020237896966252
0.717593685438046
2.06929579505404
3.58282773552097
4.07807996940058
-4.05561350383851
-5.89425276258454
-6.68787032782486
-7.28926708084463
-7.07677550766083
-7.04812893956266
-2.01364303454235
-0.820126226752748
-6.83649556386272
-5.97915503801711
-6.39815940243628
-5.82574563973062
-4.71328053434132
-2.53352167588099
2.22711744144652
2.40017873119719
0.00176508174961953
0.148139026930785
-1.56985189767285
-1.9126984325019
-1.17242941852868
-4.95017691094663
-9.4027714450683
-10.74189518559
-10.0173220647357
-8.45698700059808
-2.84112168849488
4.54547508013521
6.75370059849234
6.93175299485048
5.84063087384621
0.256365154949976
0.778607013151852
0.448554001786774
-1.93710810954062
-5.91503867917992
-9.81183639642477
-7.94409110967963
-0.720380230257802
5.49949369149751
7.78870631163826
10.4532432283768
8.0464300557738
0.0856569530631356
0.625241047368368
0.305699802238082
-1.98508230707013
-1.32119041615863
-1.78207400812412
-4.60009921640576
0.400877579501273
3.43260967294665
3.06366848035976
10.1913210547832
8.30739282679184
0.376484781122068
-0.664942667391179
-4.11827575923643
-8.77306793741577
-8.80242216836247
-5.10348672969778
-3.87929179677972
0.648556748318895
0.449310440421729
0.194721616098593
9.11282973491701
8.14679296721351
4.53204073842289
-4.08267977296314
-7.72214376216987
-5.19228782749684
-1.6758819865216
3.02622895801294
10.3350776018709
4.07184045012502
-0.801214915558903
1.33678361929576
5.35556270930501
4.49543159986568
-0.806363094403135
2.36504515769984
2.72516790318255
1.07839323464679
0.306084584041115
1.14192218863382
6.54017061508859
7.50481034857586
4.81653916031292
0.963571586925748
-0.744221025368744
0.405485831643904
0.277009160473506
1.18209636525669
4.78854078227612
9.39561043181162
6.70730691423806
1.76283804544388
4.66784649035869
1.18781168929595
8.90589506388162
9.38226048090229
2.14107041132738
-0.57394257475665
-3.25672805638131
-6.06486331471856
-8.05685495200473
-7.27566431657099
-3.82205447492968
4.83311362112044
5.34733658800565
1.82069431150975
2.63426315344817
11.8931777571569
8.66724340983795
1.48640931153118
-1.066045558034
-5.21067487546452
-5.69239874957033
-6.92286507513141
-10.2094451758038
-8.89566115609302
-5.40015296215831
4.63596118291294
5.15236045841714
1.67321360971433
3.22549023430392
10.8981955277279
9.86403724637908
8.31717356499485
3.36032911429429
-3.58297914472069
-1.88743946304284
-3.07809004266832
-7.15214938122309
-5.43431706053922
2.79220875389667
3.39213207120864
1.82383324501812
1.57054944801212
8.91447564228664
10.4489297539671
8.84416302864781
2.06402021969543
-5.98098924807627
-8.80643898603934
-7.99955960855258
-3.45692921466947
-0.851278945800777
-0.634479584740987
1.45968881186265
0.22076561895065
0.0266483371443476
5.24508597037263
5.98522971224081
7.46887943729559
0.488392716012608
-6.48186113784939
-7.77747466323215
-8.01258811847448
-9.08118197932264
-7.50968467337036
-0.735654922455023
-0.851098256934648
0.823616366176979
-2.19542884593486
-4.09879567181146
-3.25017777559966
-2.46320463284295
-2.62977350849403
-1.21520416986248
-0.580843677065214
-1.3741103242408
-3.50789857527418
-4.68082847812383
-4.87784253411724
-5.53738370884342
-2.7988331497425
-1.84181289202766
0.708428192134109
-0.511207468561213
-5.4771473182174
-7.86619824533012
-8.21295169085
-8.6300634133959
-5.44295841483188
1.61472256318754
4.70707993408285
3.40457808004449
1.11608402761731
-1.60663579937296
-0.419007491004521
-0.512415626715945
-0.810695188988276
-0.641352482898714
-0.706314540684081
-2.40547436799184
-6.55543095389508
-9.27853706075953
-4.07069684109174
2.66746219340445
7.21592580756811
7.66818361303205
5.38616741045842
-0.953483127628271
1.98490267708158
1.10270604464796
-4.79098266468426
-6.89596967052948
-2.70229946222432
-3.0765478409154
-2.72056291910975
2.4771160231623
3.23929569079402
7.65492828023594
8.15816760074591
1.17117293887
5.00183159528122
1.9026257912965
-4.57901145638439
-9.41516950472587
-9.60379759024457
-7.53073057669724
-8.13346697849153
-5.21995950877831
-1.31696268366267
0.335698702878657
5.94863503852432
9.57574339826568
1.37233584077455
5.37848815411472
0.27595052983597
-3.42314773667346
-6.90202345928644
-7.40977695141227
-5.23356610360656
-3.95804787751521
-1.00302934730525
2.41345614177734
8.74965122446859
5.26560636093673
0.901239226770974
1.99609060951118
1.22245272631022
5.89551496262634
8.33159870813505
0.65508954607447
34.7440657007766
1.6327557931519
-1.7078978918454
-0.475816763828572
-0.851571287272868
1.25604542378631
3.12643375907366
5.92292086962475
2.78588675035551
-1.14963098150013
-0.0948987752308491
0.925720491295956
0.202284214558321
0.314436761472439
2.37650969849162
2.25377322330562
2.10152097678971
1.92152351444967
0.573926690017154
0.0955802204515949
2.57092203889084
3.42406272514704
3.75272360319278
2.29053126084332
0.906261222367588
5.05155351809653
2.31628420324518
0.429272542082048
-0.640316508887003
-1.21567165372689
-0.356508409757309
1.96091485916662
6.38332865440962
3.43695701651733
2.46228815236641
2.33799464880926
6.86203353079543
5.58397673361763
1.79176697245157
-1.31090733368884
-2.1812677486473
-2.01243402307376
-2.43043579802267
-0.634154961226881
2.63429884139511
6.85850238692316
5.80231460489658
1.13260311422218
2.38576467967119
8.6423490292591
6.88478652620829
3.08191749450829
0.113346677015104
-0.261431031754917
-0.730337300496373
-0.433080427157275
0.0639806741537714
-2.98633147001533
-0.902714634643073
1.1610232920527
1.17396151924279
7.31308182966429
9.40390236133187
5.1023894195878
7.88900463747841
8.78460173415442
4.24703895048027
0.723855083455544
-0.368739633419635
-2.46175818837283
-0.275495847121371
1.60863888357017
2.20201924866525
8.8657345084669
8.48049263448062
1.91522214241028
2.60985075266188
8.81096151031241
7.19838309132556
0.695809824781331
-1.59080599886577
-5.11995806416292
-7.3168007377699
-7.78989288431686
-6.96710368250772
-6.56262273303437
-0.375624078922529
1.42149856952638
0.556398222332561
1.54029750072513
6.13251802212173
5.79130135459981
5.62656789469501
10.7217941544548
2.41046717116633
0.911490181690673
0.230609011662596
-2.19870902258737
-5.83035700447452
-6.1819062578908
-8.64597545169045
-10.5575160576183
-11.0926509694778
-7.50369326958312
-0.482004493961706
0.309154575149675
1.03696735997422
2.83872274790907
2.92111498087751
1.63034598773872
1.17138458573316
6.15682524708636
4.45274419044953
3.37167747369014
-0.328541747214003
-1.64671586920533
-1.73398667943863
-6.46870814743106
-9.33006417149921
-8.53758269539187
-6.3511516191011
-0.618541503617058
0.26522754537043
0.963868181810371
1.21759573764231
0.940197256178601
1.04449165098095
4.53448371028707
5.45863579083208
1.22400613958601
-0.111809902864467
-2.96602105137104
-3.09103515963873
-2.13635168006422
-1.83226720421752
-3.24184103339773
-6.51007262915139
-5.57559923099847
-2.00037790683008
-0.0429468202610118
-0.0732072846989713
0.879181232487416
0.941954301450564
-0.604953124165602
-1.41176973282296
1.03169836745489
1.70056540991456
1.29530524911611
1.96091485916662
-1.73398667943863
-1.85509414933065
-2.11195906565644
-5.38665824494265
-7.02581107515867
-1.92834268693471
-4.14011028820898
-5.19863463793649
-2.96274754825607
-1.32635530609143
-1.51820766747604
-1.57080656581545
-1.602404039559
-6.75353142137704
-2.94767137694625
-0.932641908444564
-0.968838524454999
-0.826236313518209
-0.512181287327319
-0.381874749369768
-0.334715480073299
-1.6395714833569
-4.03440052199229
-2.11819495533491
-1.76130630733394
-3.67468055262535
-1.78319515866473
-1.61534887213775
-3.14713315086135
-7.16284997422838
-1.82341984947158
-0.809075914849057
0.375624078922529
-1.80922207884408
-2.16091886694048
-1.02805753203557
0.19905841307838
0.182530756417521
0.331322952707358
-0.783335225064604
-0.624515497618114
-0.894406784678974
-1.44649388237653
-1.64729981668448
0.577597411129639
-5.62533040137144
-8.84246403773135
-8.62279502840806
-4.88865841510492
-0.569912924483543
-2.57911017670542
0.0240323716104682
0.434728060455394
2.3004124844953
4.11262396453227
-0.177901166620543
1.28672728895963
1.11645810123291
-1.45339845144715
-0.770218070260193
0.430747189047221
-10.303450483681
-10.4859732438832
-9.98863559476611
-8.82573454298769
-5.30132076579351
-5.13009293768679
-2.09377064316006
-0.849534800157276
3.5147271667418
7.63350352521265
0.214703533795144
1.35264038213912
5.12611555958499
4.19028123895709
-0.940162525038199
-1.08191285220105
-4.72433729450297
-8.34118569012205
-8.23321660213709
-6.50058748334026
-4.16896564758875
-1.83837315430403
0.172730528748697
6.91035469199379
8.29918421981967
1.52145283807246
7.63969728123613
6.6819896782337
-0.669187543088392
-0.598142437931589
-2.7294886818343
0.0918278296625771
4.48763960802817
7.31902928387938
2.72418630792661
7.00611730040028
7.81737224207994
4.49602684420736
34.582831554909
-0.677861382409424
-2.76820967042313
-1.35952557345593
-2.30234263693882
-1.64576918997882
-0.817889698431745
-0.17254119253978
3.47059665221801
7.17655248697536
5.10060392839032
1.05903571969967
7.14172738602947
4.91283680849591
1.52356896232309
-0.744874638953378
-2.36538254663525
-3.49438485546671
-2.65653273652821
-1.36198432079177
1.3638893530859
5.27372416568904
3.44262146179689
-1.07157995749285
0.202779437795899
2.34439438080343
2.28525812173573
-1.18523320222154
-0.795495949579046
-1.66858439364563
-2.14762787503893
-1.0625337312821
0.546677114952812
0.994245218174487
-0.986128104210211
1.4121761857399
2.33632430567047
1.06314227625575
-1.16349674164402
-0.843861480470974
-1.07843175749582
0.232993655914733
-0.97290491867127
0.187114442938863
-1.08494732216091
7.39012373817108
3.77759662465692
2.54524439726162
0.769540133082714
-0.225159679475412
-1.52178914416429
-2.95260870240702
8.79700906425349
8.63216218179288
7.39398041477223
0.989701918386423
0.8869578665132
1.83565489732066
1.41996510847313
-0.354753647777675
-1.92457873244786
-2.03727309831664
-3.70894212892049
-3.8330480851416
9.60562040538139
7.16818017022987
6.98160869770867
8.74901297223943
2.31451421076065
0.948316633797027
4.32233279675684
3.86864721748431
1.24847810272304
0.735841225362769
-0.582733489824199
-0.435202311322968
-3.49074931165298
-3.99766128477289
-6.59134841565164
-6.54026062913135
9.80580400613925
9.69424867405602
9.24119517820041
8.06151962127493
2.42582018204803
1.05628140750895
2.2411730976341
6.69780460971144
7.3787531105169
5.65609861649721
2.22058667660571
0.775610679234606
-0.697117163006606
-1.14068742712802
-2.46334786633903
-4.02138997538423
-4.34891190697449
-6.90945004799276
-7.64959122854957
9.46328767810377
9.20822179921146
8.59927423845635
9.57814875301109
7.97304630114609
3.91405514517261
3.68557582436324
8.77788412655901
7.61102800743709
6.24806135567429
4.92800538127331
2.15793627717481
0.530011379235977
-0.0125317217878589
0.110843501191703
-2.31904901755654
-3.00164155539498
-2.91824044365633
-5.78030984071465
-7.12546720838569
-8.1914997734531
8.83835924174355
8.66710018051286
8.18022848121458
6.4106067127629
6.99966077457675
7.62862886373166
1.1229808752977
9.95683635293836
9.23165091967507
7.98462512423063
6.29310323355538
2.81095642460262
0.732182095825093
0.0405059796265971
-7.47342716714502
-7.611013215006
7.08823533620588
8.03758272079721
7.31639026409531
8.18316791512316
8.22948401833814
1.98882178849812
1.16289300360439
9.09194717788925
10.4102668887644
8.94035616500441
6.82112778350456
2.0228808535631
0.582019368329044
0.234902444063431
-0.931869790176736
-1.70086646208639
-3.27395491234083
-5.01828922911162
-5.63866856046312
-2.07703756720545
-4.42036276168319
-5.86225546055629
4.99633813851953
2.58265596812636
4.90765231910603
7.17489737193411
7.30296975040158
6.14169363613275
8.15507597928886
11.1496797260973
9.94428908504901
7.83692248254918
2.23194715084349
3.80324943490513
4.90400396273948
2.20281332874215
-0.930121602149198
-2.86697249221129
-4.19961272430357
-6.38403471480043
-7.27962415749643
-7.33862926338623
-7.91275365903884
-1.56878333395055
-7.02692736812531
-9.07486467759128
5.00856401775566
5.06499127124852
4.41933970613388
5.02293249415465
3.30807346720465
1.18781966458268
11.246098851706
10.7265349999698
9.10721862627208
2.42906488445576
6.58114685357774
6.60087967785724
4.16654832335357
0.130476122955065
-1.79789403892216
-3.40925075254695
-4.47789734162418
-6.13197212753666
-7.10315623520886
-8.20580749292781
-6.98001637434446
-6.53285985053036
-8.14224872285598
-9.18553891253436
-3.49282262494901
4.79526450226562
3.95318438601773
3.84371513115801
4.56426458904737
3.90170846990128
1.78958385450639
4.70490659090976
10.6169174883129
10.2629474298584
6.4262310586979
6.52683180547877
8.20875071959492
5.52300085574978
1.67084072597705
0.725490211403921
-0.157055106288248
-0.404077850120848
-1.2936796910955
-3.77653804042499
-5.77092120512641
-7.34112076316792
-8.42186677504671
-7.41640740681404
-7.14048627555579
-6.48737076621639
-5.80770208913531
-5.81855497838117
3.40919615704221
2.69628799105495
3.09462027417226
3.31842033755534
3.88250048771668
5.30228344698233
9.17781800809963
8.40248246744801
1.98430063163667
2.54454147121648
9.02408298763022
7.54959170615156
1.7844143395325
-0.324782925970365
-2.00807276275293
-0.0413420684251475
-4.91974551263619
-8.1574283685799
-7.83967762701608
-6.82739031207868
-6.10435293895353
-5.045642021365
-4.9932952508464
2.7997682876279
2.14581742111575
1.05902033156557
2.39183185131133
2.61900853898718
2.61162481111777
3.94304683320823
6.83838019502701
6.17639377063154
5.17893833396831
6.71222610684486
3.42006960579684
0.551938445046737
-1.77575961688825
-5.16143546109533
-7.71482397654754
-8.09300533431103
-8.72169738099915
-5.40015296215831
-1.77695893396845
-7.44978435434369
-6.99993514482074
-5.96562516925546
-4.63529413928235
-3.79191787960714
1.34327252932164
1.44753291934345
1.38306086122567
0.0230402760415973
0.322762782148661
0.936142056799946
1.42818931002218
2.72628714513447
3.92797937224913
4.5762771166385
5.62853612556114
0.151637773314175
-4.42049909207006
-6.02788288600376
-8.45761760764494
-9.83707889774069
-10.8477438440565
-7.70318327266436
-1.83488621682812
-6.99584839078036
-6.19901959100721
-5.07087526787679
-6.40685731223259
-6.19113120365868
0.992415754806897
-0.068828691447409
0.951429820704766
0.959878275986203
-0.812646237008107
-1.36249012753041
-0.53231471828186
0.519720247517639
1.51779752806567
1.78624016302713
1.57054944801212
-1.80587633715609
-7.34067860074352
-8.97059383044101
-9.73791096301338
-7.14543509211908
-2.16538037525832
-4.63124128267011
-4.80983177544045
-5.96296686145811
-4.74696157915104
-0.633726466461813
-0.682317296783617
0.183061435585002
0.075567938580675
-3.09761397361425
-3.04703764975363
-1.37134341340856
0.688524732750461
-1.5199591331393
0.953989180006338
-0.853346487828893
-1.86610384763642
-6.29614607281744
-7.89528525398495
-8.6073098952793
-5.27583051293917
-1.99792913653412
-3.29253454302201
-2.19625523533539
-3.25987081025641
-2.15559276558366
-1.20570454170014
-1.21583254870069
-1.19746073900995
-4.8313668464727
-5.77679005964993
-3.9613716174043
-0.192864885971281
-0.24208356431156
-1.28318538131822
-4.90933506107145
-1.80260616641213
-1.82047918393935
-5.66141539854882
-6.73557115293382
-5.68565977524267
-1.84747965279478
-0.837990975767684
-2.82791459449547
-1.80309606139876
-2.82622980325227
-2.7936458323403
-1.75046842681042
-2.61584246673805
-1.68320182441442
-3.68097505509694
-7.33734520919804
-6.72810962884435
-3.98714147639597
0.66052633846239
-3.38613225981318
-1.77972914907685
-3.40564445684277
-1.29511400217566
-3.27853229259043
-4.86410727156441
-4.95705977063709
-1.64771825002229
-2.3919719125603
-1.40161798049606
-1.38037512678934
-3.12269384914384
-3.0951211740256
-2.07003653264967
-0.483264088566128
-0.512587733945822
0.421239301360914
-6.28164755491552
-8.99341189476696
-8.63229038248008
-5.34006315385485
-1.79040582171857
34.6934793659131
-0.233907326649176
0.0243924083306801
0.552779473782991
-1.27967621075546
-3.39945426377939
-3.34301638175844
-3.62774067432461
-0.972947022224707
-1.36569287722267
-0.997844355320716
-0.910697464393955
-3.58523445468209
-3.61077275927882
-4.41391766528114
-5.55269056882685
-1.89215684763726
0.50772008916607
-8.87994892339717
-10.2007474580454
-9.47833763814733
-8.3438298711092
-4.78940036502291
-3.93244772849451
-0.804580351275005
1.01126403260644
-1.18779081237993
-0.580843677065214
2.93892230276467
2.18054761914734
-0.708646709601055
-1.01814719590105
-1.59696552907044
-0.796228941377951
-0.979167042019637
-1.30114913980429
-0.597697861947816
0.609966853467738
-4.87012278858612
-6.97697297160218
-2.62967776889202
-4.93762393832283
-6.73125324266427
-5.48969682980454
-0.931852257086228
-3.22219894819855
-8.78762900515692
-8.0857617723736
-6.63517952906624
-4.17615562397068
-2.64311471905517
-0.665751437288384
3.38370550381609
3.53995964432799
-1.17802831892044
0.194980712668949
5.7124399064435
6.03585163235692
-0.164674625197156
-0.240298895473188
0.619988256765555
0.657709390006634
0.847469643615404
-1.06566425248182
0.513892979020696
-7.16824947564901
-5.16214026890689
-7.77448789742907
-6.73734944166487
-7.68095826582441
-5.30546544316524
-2.70355976624186
-0.765994749200692
2.08628191149653
6.92518696111389
6.68609551828241
2.2700794783674
7.53983908773177
7.22163460557401
0.779404351992962
-0.111635647225531
1.56572635285901
0.877955162144791
1.59197362360456
-1.1004480408855
1.48337523840547
-8.0496928950941
-4.04233867522152
-5.72421092743658
-6.5877905510786
-7.45871583560304
-8.35672730706706
-7.69353548465822
-6.62991375190833
-3.37310448703545
-1.89869672491484
-1.770960247655
-1.59720596122404
0.255884059998028
1.18165926129084
4.93282984781584
7.96082276235453
2.5693129695909
7.1640505755696
8.68249946830568
8.92843395451381
-0.540047665543271
0.533945559581842
3.64047135952716
3.57232771544711
2.47255559281589
-0.68167368119818
2.94467744476292
0.323672291318412
-1.09515947931518
-5.38002789477514
-7.52989635582343
-8.66232629921411
-7.88646525629248
-6.96029439544633
-6.32588001782609
-5.86350149221165
-4.37649902489075
-1.91738589348399
-0.121334151212154
3.73372877818755
6.90118108184309
2.46889787766498
2.65547680046922
8.46992520253602
10.1740729074613
5.57571527708086
2.78272346420852
4.34948110217074
3.11792812748701
5.11789040474467
3.50184281355177
0.257382948479388
0.164507084654731
-2.73632810378161
-4.77045621349791
-7.74918794051274
-7.43381236673962
-7.27346270521161
-5.20151140608543
-3.73605964043472
-1.15871354866037
1.5980811968347
1.3106143098094
1.17761970154268
2.51145506698047
6.64468161416939
9.16201093684644
10.8397235795173
3.55766806999657
4.77762301541612
5.3220325884934
5.12737182175863
4.22851784559785
3.30498692936598
5.07391922155821
-1.2614321786551
-0.71062022686811
-0.7376845515386
-4.3020742138998
-2.64930560103029
-3.36257285947911
-2.41672293299009
-0.872676252825094
-0.238969341999105
2.26045685168589
5.46933085551326
8.75062466316152
8.02200554397549
7.24927672536441
2.27665157322403
5.46742256070091
4.1212796826211
4.08572875584106
7.86214445588984
5.17647055841177
-2.7402133925382
-0.0208358750285248
-2.14598918118284
-0.680353913818488
-0.00656598839464059
2.08473970304058
5.33519875853266
6.70346564582761
8.73671765286865
8.31552670962208
-1.13050049699284
4.82027323728688
4.82251811944922
3.56187534437577
7.31206226042459
8.65392846253847
-4.11402327515881
-4.63905640785468
-4.56155351265938
-0.279760185339659
-3.82419855426098
-4.34700738619754
-2.02844130102874
-1.22575340408912
0.214622167240684
1.71676851942486
3.04180382655257
4.40479304029166
5.70811533814493
8.24704980318962
2.27822570001652
2.7332287953869
5.28620217412846
4.11194030295022
7.93593144095371
7.33574838320836
-5.97613083533459
-7.1547182179377
-4.82205912613831
-6.62417971045084
-3.80373479644751
-2.4843418426036
-1.87525243517513
-0.675949467948845
-0.0997172616415403
2.1023134140268
3.48100563820393
3.57536392370783
0.185482582954536
5.01954180930178
3.95665079663133
8.83876139222583
9.4747280246965
9.06579776051561
-7.74362837718714
-6.58914212443232
-5.1980841847579
-3.36341702721602
-2.85099281769941
-1.02551634207771
0.212917995341242
0.893189447235825
3.04221877921349
2.39777577960155
-0.967000573541697
5.07402900753661
6.44914115698147
7.09956491194457
9.23755637809271
7.33909746958616
-6.20239308965588
-4.88048193134342
-2.79067887908366
-1.56615237699734
-0.331888989685179
1.65709179073093
4.81487275458315
1.29325149004087
2.80368828521167
7.30121575853028
6.71664146052406
6.84808947936959
-3.0433279632259
-2.63628230998092
-0.846758241644619
0.15381268392231
1.28262610503663
3.86869596204672
5.11873165169192
7.84259766274687
3.31886676273149
13.1956678416936
12.2470454442094
10.0534019632023
6.96042159002876
2.53763303219662
0.806005554332882
-2.28834407674984
-5.04111111941486
-7.4327601785167
-10.0525896801913
13.7490093216022
13.1041197983553
12.243825499163
11.2446363318868
4.19570195207343
3.36789133687216
5.96016088544681
6.01013976745698
3.76394324800395
-0.195426309220341
-3.80971724943815
-5.49329194422603
-7.65487117555813
-10.3813809296314
-11.7263916778135
14.5326630778423
13.2962347503787
12.2472363037362
11.3371759893816
2.71015548404004
6.88019444300832
8.47228333199559
6.72481627740791
5.27295297914832
2.77037578335935
0.0608785428472345
-2.59330861381689
-4.20951787242064
-6.79942434456897
-7.14342383675595
-11.2791602301503
-12.6307383814559
15.626006884099
12.9691979102916
12.8787340314658
12.2618886246691
11.1971569290865
6.7110817136946
8.08056016768211
10.1216451416293
8.47057571036654
6.74269994826271
4.55362662666897
2.75774112208586
-0.0142856228786385
-1.64752120974566
-3.1597425584648
-4.83542774838256
-6.10885301000858
-8.33790856327071
-11.9114522181137
-12.6273407913417
15.0677558996398
14.2130967557383
12.7850394720235
11.8061886354558
10.3222351037249
8.5765759071664
8.52202238650518
11.0591706805338
9.08130449857259
7.79280019259092
5.24573662117025
3.52160352698889
0.900597092622881
0.80016093447283
-0.182668713540029
-0.00542967284429263
-0.162872549120233
-2.87118386933072
-4.79609560454535
-6.39591079531067
-9.50089430046509
-13.946561259841
13.4777306026823
11.3224279220925
11.614269894629
10.6859022948906
9.23945084061292
6.45830568204867
11.6702466476214
10.6698214640739
8.80050834327948
7.40257771106964
3.05258663151386
1.71847899338414
-0.283200990027412
-1.51719075107793
-3.52325938862741
-3.49260406059183
-6.23180959485021
-11.0931045705438
7.83921920169069
11.5788010424312
10.4357836874064
10.3530071869471
9.18843297094071
5.70475958875867
10.6950752245274
11.3442138330104
9.98824493898696
8.01685933609826
3.30264613427052
0.681372596728315
2.38474013714919
0.942612101459433
-1.62548077998949
-4.58190966775873
-7.03897887670364
-8.38565613851122
-9.30686469055363
-8.68544724107957
-6.25224808603713
-0.755562637860159
-10.7894708456404
10.6379331546586
4.56610402238735
8.35328568941089
8.18649154354312
8.85481985681998
6.71496575434744
1.91353079744086
3.40814767252598
12.0057969600768
10.8698334180997
9.55710944205988
3.62389868048174
3.09566175423697
5.99063338132574
2.99710793316446
0.667661279035767
-2.47994367788117
-4.72294309081616
-6.53852338713936
-7.69366435189827
-9.55448233141724
-10.3387968418133
-10.4762530590285
-11.8961295648686
-8.13569359959131
-12.9642375232839
4.43290364885003
4.64595716559733
6.13862455676654
6.93803835999318
6.83878278950704
5.44092739577124
7.6395761754843
11.5161796374821
10.0622458032392
7.61601949147185
3.41345373419963
7.92924453307689
4.88472220044616
2.92501495995418
-0.426601460987704
-2.19107914630458
-3.61184525741931
-5.88170442697899
-7.14446318879211
-8.22477450910602
-9.66382937528018
-10.2238691087968
-10.6043830910066
-11.6304538774626
-10.0403836848963
-7.2269439084744
6.88048983925255
3.96236484298067
3.37064312191103
5.12218580986133
4.83513360395902
4.49233837563319
3.44143227194912
7.09097006355484
10.1003912855926
8.63896052067904
2.56331682711098
8.20810250916957
6.09908640376635
1.47178747636801
0.899426411125585
-0.783384764378881
-3.19750060550192
-6.50089040980965
-8.14101800613565
-8.88299364277501
-9.8869280392281
-10.1128069373358
-11.0194635519238
-11.2730426693048
3.99191974650685
2.82501180222954
1.75616605405247
3.29237648053604
3.17856164732969
4.10459778796525
3.42905598266753
6.01709747575499
7.06886452477663
5.94615341105318
2.51741759850811
3.30443251285527
1.98649179146386
-0.268712003501056
-3.10788420265404
-2.3435155633866
-1.57289781621118
-4.05561350383851
-7.51336183691279
-8.7983715595579
-9.53571232075189
-9.88967831691639
-10.2955003483567
-10.87824064085
1.95465597434228
1.6128190024166
0.594959021414849
1.77819639124319
1.61390904296313
2.02415631887979
4.44693700856278
4.92670875872387
3.7655819459613
-4.38980169741155
-5.96342992657307
-9.29079207368209
-8.15507146668758
-5.07961623144979
-2.12874570998845
-6.66249769163196
-8.2107852498518
-9.13052802002077
-9.43314782453015
-9.95258033938308
0.93050258603016
1.22370185442101
-0.279037560969313
-0.741232177800163
0.0214632914259709
0.691287999702405
1.87932993348489
2.16831380780671
1.7709381146131
-1.12208780775804
-1.73398667943863
-7.14849495353227
-9.86408848885952
-9.82264978832497
-5.64129783013756
-2.06123577339594
-6.98386427837173
-7.95379311171651
-8.4380185090039
-8.61839138491897
-0.801384714638172
-0.8655763246813
-0.969880063042881
-0.346098594695916
-3.38552162643469
-1.67832974509434
-0.820192548501299
0.189446161649999
-0.131753060346106
1.3593185930753
-4.32689340650687
-7.65705636108077
-8.99257864518052
-8.54212535358281
-8.0560695990363
-3.31136314485142
-6.61204599726085
-7.45922090815752
-7.55922617263205
-2.62426536544772
-1.71774277807987
-3.54495434360928
-0.962467085137961
-25.7619818065588
-5.32102933671447
-4.36887636476671
-3.48762812588376
-1.73048595769153
-0.934424176523843
0.988271418826374
-0.775227130278942
-2.99562279021125
-6.81560089991473
-7.51139086429066
-8.19281886170428
-1.92745549710164
-5.24156403399209
-6.03531433799266
-6.04403874425447
-4.40682845313801
-4.37382614255183
-4.33343175044053
-3.3535622524266
-2.41642857016847
-7.29298250097357
-6.94719118881582
-5.326428875556
-1.41831907719336
0.704947574348477
-1.6907289419174
-1.62303805312397
-3.63489467359507
-5.95000452653324
-6.28038655771647
-5.30403946800473
-2.69293966351813
-4.57407323451904
-4.5590373468954
-6.16093242105981
-6.07395394155169
-5.00749889136694
-5.84375686358419
-1.84513075965685
-4.90365428006
-8.58640803970012
-7.08719990343438
-5.35058001387629
-1.63018937040512
-1.75463150104869
-2.24652094572962
-1.39001326677158
-2.65882512554977
-4.28028919480846
-5.04640877886878
-1.56383682827999
-0.813360244957832
-3.78774865651784
-2.72100804291048
-7.76694546759864
-7.58801830259183
-6.46901310099518
-5.44612029713541
-0.611168124741143
-6.46588084832542
-8.72537665949052
-9.16752472973608
-5.67785887854111
-2.68827127742914
-0.635503320875565
1.12140232392945
-0.366372438208755
-0.744796558411228
-0.139330085579058
-1.78909532344335
-2.69727959457496
-1.10981438961658
-1.36864833701132
-0.715589550948421
-9.40553148293443
-9.21817461272529
-7.83082536949567
-7.79017918919497
-5.53598989541071
-0.821867141420381
-3.09103513727805
-9.03678817633621
-8.35433240843778
-4.79309955600285
-3.18727293091074
-1.17475368914677
2.46510479689472
3.46931844101038
0.669464815518381
0.1028748904459
-0.100035220123961
0.111433601708591
-0.658734509592316
0.0172873146320363
1.16898523176672
-10.4873402227062
-10.1416125021106
-9.37345376240093
-9.16839832737509
-8.72840853409327
-6.79589286840903
-3.16696626631117
-0.668058793367321
-1.98119558852087
-1.84812954451332
-0.380477752394168
-0.784102372269832
0.172730528748697
2.27473884300184
0.207528983847673
-1.1802137484307
5.49024936531672
6.23430484019547
2.80786023109555
1.47749306593554
1.51998964778534
1.80839410378309
0.731195725479242
1.01649761943894
3.16134550021113
-11.5803664803781
-11.6102450838968
-10.5984123017482
-10.6103617750173
-10.1203141615826
-9.41786347039874
-8.76593103923554
-5.45393259332789
-3.43328884431482
-2.12991898866687
-0.159699323913625
-0.801843864508453
-0.284473036958042
0.648084406431972
1.94936224349711
4.37312386137116
5.60797407367579
1.7645332310257
7.83519230498523
8.05893570295388
2.01212936765968
2.36591659113882
3.85672251028335
4.25429712848717
2.9314066161641
-0.705693491531163
1.5981088535225
-3.26641301804165
-9.63646637651157
-11.0157781349995
-11.2191498917324
-11.0895866713913
-10.4268980959986
-9.12573570727982
-7.97311810848225
-6.66119100642755
-3.76628480662236
-2.8274526625279
-0.585879648803743
2.26654712652666
5.28247934295857
4.39265564100332
0.184693938988834
-1.0941924749085
5.54222400992985
9.36117689721993
10.0223998029125
2.21602186928708
-0.536437748434129
4.31914119831271
5.11531232112449
5.43401400154089
6.04267051836142
-0.221087629487053
2.19152879198717
-12.1151592745656
-5.99670684731685
-11.1045581740706
-11.6570067963395
-11.158887192584
-10.5130663428965
-8.89233360886686
-7.40225503754438
-5.05562976129892
-2.45968345483615
0.276140076440674
3.16114051924309
3.55935562105291
0.165024608893789
3.4424041304743
8.80909144350681
10.5358526035149
9.61195762857509
1.52421267845572
5.91154282386909
7.10554854852241
6.36753721437141
6.36406191209666
-0.641137948963715
-8.36154344068616
-4.76942958231546
-10.0451634638225
-9.54932833179592
-9.44313483235264
-7.12009698752702
-4.42457272915866
-1.7073011651775
-0.62352337330312
0.816232934939077
-0.904933165631474
2.5392639661499
7.71598367753186
9.7428476044228
11.1230584607082
9.05657353083988
4.19223705030364
7.41186431264128
8.66702524357371
9.93104757022944
10.5342502030472
6.18377589324668
-10.7920743866769
-6.24229366742815
-0.786304791672211
-1.27894358724496
-0.828995281712122
0.0892977459592143
3.21009641183784
5.73161294468608
8.32206906053842
10.2478595198331
8.46198034728741
0.207934328193569
1.01270322761707
9.0335827747777
10.2164532726815
10.9852506696659
12.1533802145228
12.2754561148769
-13.2724902413874
-10.0051501749295
-7.22987879997126
-5.96072704010774
-2.62650383367651
-1.64738394447222
-1.53128691016449
-1.39714240153599
-0.658730439489927
1.3119503611674
2.76195328149504
5.1587114192563
7.35714961042088
9.0783049381379
10.5524772591908
3.50224764307071
4.80252486735001
9.62636436853705
11.4674676743864
12.4874092485507
13.4823011461598
-13.2323861524043
-11.135771059364
-10.9645515770811
-8.80157808159228
-6.14424270761288
-4.42936641091906
-2.91896578797113
-1.28471194935188
1.22524891062033
2.75848971907609
6.09163914022646
7.71514428578315
9.04803002589652
3.96056772976218
5.11487211000787
10.9151595598329
11.4644912497588
11.8690242586441
14.4286990070314
-13.1869844450218
-11.7049528964259
-10.4031628408324
-8.61579121494341
-5.6884413340499
-3.9430610295441
-1.23611231594795
2.05883058213485
3.62139514042377
7.16295467451503
7.7367737900815
2.76364383073922
2.90832313515309
11.215600634127
12.0878206628146
13.1570608514069
14.1586936192848
-12.9703940924626
-11.5754550728026
-10.3003292631257
-7.89399022590989
-3.9646465889813
-1.37338483819995
1.98913192284364
4.51840894822114
5.09636990558957
1.258146249259
6.28612147052579
10.5468649184713
11.6410826691227
13.0454727042733
-9.02918808276176
-6.36187632328806
-2.47195888555885
0.499109499704469
0.110642247692117
0.280768301781738
5.90733754866477
10.9950137720765
11.6389781335506
11.4339533776584
9.48916178326068
6.80992963272281
0.883887563246345
0.687156220049215
-1.78807949302918
-3.04346268735012
-7.21504856711778
10.257763407549
9.06874475561583
9.62756798958703
6.09510210231822
1.9670617737698
4.94444807817562
4.34892959433604
0.601575222684227
-2.14528107662229
-3.46880797444906
-3.70894212892049
-9.28227246142684
13.2059344910158
9.13290114932322
8.09546030542628
9.51197192769959
6.48206641436474
5.90462385736842
5.48701158505899
3.86864721748431
2.27343036901467
-0.272314326780863
-0.760415192083376
-2.48959777946185
-3.49074931165298
-4.14677262529531
-6.42361946450948
-10.7619413076324
12.1375302705008
9.88290920147004
9.24119517820041
9.64004964703403
6.5752493851247
3.47971610865144
5.97084926727051
5.49980840672408
3.86000295759965
1.27049413813105
0.641393837314344
-0.505423178068888
-2.32109183117054
-2.16788313328999
-4.49861275820348
-5.50123303757732
-7.83027917841112
-11.518661741964
15.1131143957216
12.046846553497
9.17034857500744
9.09924131710513
7.58256725029767
8.82320901363202
9.18270581996373
7.22992654393869
5.92761204541417
3.25559728154769
2.78506047890688
2.23876626904109
0.822248219172249
-0.0125317217878589
-1.57025648789051
-2.20858800536066
-3.87718085925316
-6.39076848349177
-7.69602642294881
-8.65442058958665
-8.1914997734531
11.8100537126286
10.67712617499
6.4106067127629
8.24560116649791
8.9338546154834
7.41156661017744
9.19305096519732
6.23716856889268
6.0065823469818
3.204090841407
1.82454681964138
0.60848862081453
0.413683576794769
-4.77222239432877
-9.40452921877907
-5.67079313980825
8.36274514140196
9.04129317082548
8.34673966054836
6.90136281417892
6.96480000700629
3.42828491311119
10.0457653938148
8.27288957080835
6.33685601799565
4.89724083163569
2.0228808535631
1.82018445697792
0.365734645555417
-0.698511672388367
-1.70086646208639
-3.27395491234083
-4.45576682313223
-6.07176780324069
-5.72454088348984
-0.138275156484926
-8.115342906228
8.87748195576587
6.77934215651397
4.90765231910603
5.07007603225365
6.81350014061505
2.63430597432554
8.15507597928886
10.1342562847407
8.06812478636758
3.69569609696638
1.0063959909548
0.792205426007595
0.703354839620956
0.747699854297792
-0.736117373288853
-2.65881861190225
-4.4849908010819
-5.35102414581236
-5.93354831812233
-6.62892687772567
-6.26409442859168
-7.50433350586009
-4.78168680609016
-11.2898383289888
5.2286694219829
5.06499127124852
4.41933970613388
4.57127737017679
4.73131710774667
9.2857321218242
6.39677264830485
6.98427644230805
2.42906488445576
2.06624841554155
3.82154310502964
1.97754210526893
0.229610710626007
-1.07173416257514
-2.3074643468722
-3.17376981442562
-5.67144417527808
-5.74916409165611
-6.81867459874707
-7.26101198204468
-6.56018898420128
-7.09641762965115
-7.12476616757674
5.69446857107146
3.64835913920201
4.74307618982449
4.18738097685126
3.74940087850134
2.40723091394757
8.40005133143617
6.87467839319609
4.34446950495939
2.48440275479262
2.09795330221634
0.810732065224891
0.448481130808532
0.490513849082609
-0.651072416764448
-2.26233475888797
-2.03491751048935
-0.778425962354893
-4.62957708616703
-4.76503705558058
-5.95951274421686
-6.04193325336979
-6.48874135948761
-7.53188600608991
-7.86718535790037
-8.16774527657065
2.46650217784541
3.51623742830931
3.4370437258216
2.99227938374115
3.17267305686137
1.69688152420144
5.83132318509505
5.4215821252969
1.98430063163667
-0.227367632895096
-4.91974551263619
-5.40364231771404
-5.82279328456394
-5.80201661753605
-5.10220704314425
-8.418814919265
-6.93279108413329
5.3816366284915
2.15899015006134
2.19721293706909
2.39183185131133
1.97373964583074
3.08796165688064
1.57763746559749
3.89874949983632
1.82069431150975
-0.175250640865759
-3.05175449507308
-2.15358970378988
-4.44181421534036
-4.99788416205991
-6.23116426816908
-4.88235296305882
-6.61761468900823
2.15896986800726
-0.0349612467625768
0.595820687768271
0.74847886261993
1.77062160112637
1.41120797816136
1.0771632695093
2.98051402782244
-5.05844314018213
-6.11799839436355
-3.10199658656539
-2.09743243904292
-3.29846395054758
-6.19901959100721
-6.34226941645963
-6.33933476647692
-9.02170674484177
1.15657937428031
0.0158429558731468
-0.0850916102019761
-0.764330356626065
0.165150351231951
0.237947174978804
0.519720247517639
1.36625488204491
-1.82838703249629
-5.40253420686252
-6.28978428401281
-3.24127676679189
-3.18102991044156
-5.83711989391499
-5.92545089278732
-4.89357288299493
-7.11003797081635
-0.540973906458899
-0.597936146906227
-2.36630327697363
-1.48709524764655
-1.45811106784841
-0.495410429347019
0.162387740862448
0.0803956466212841
-0.718053832706886
-3.11359028870182
-5.32536337031351
-7.01058308384822
-5.27583051293917
-5.42861933234314
-4.36873694553777
-4.36184178574274
-3.25987081025641
-2.16552866228949
-2.1588664813103
-3.03345437851855
-0.17548662295186
-0.177676161418999
-3.93861427246746
-2.16963801757007
-1.22432111820545
-1.19095881489461
-2.84864660543853
-2.83788011323375
-4.97163253051426
-4.97927709840695
-1.83789551003001
-3.90627634474097
-2.82157693717544
-2.80833206789405
-1.73546165463345
-2.73968664370449
-1.64052761614057
-3.59298058410487
-3.68097505509694
-5.59994537305553
-3.860665956019
-1.59393255938277
0.66052633846239
-1.81548406564858
-1.56556134514959
-2.17060788538957
-4.2703302994979
-4.44681468365743
-4.38753240290214
-1.3462207813987
-1.2176564778465
-5.53854513191631
-4.2191361002149
-3.16718234307456
-3.06232839435541
-2.09153820169242
-5.26162725292907
-6.36033670138719
-1.94688767814559
-0.789804423490519
-1.06874791979627
-1.76333420691878
-1.74538526237784
-1.52573030877438
-1.10852409604313
-1.71976139350792
-0.895107518520708
-0.759659635749579
-6.92944476229748
-5.77848313231338
-3.59152590848908
-4.52318813979383
-3.39019606482157
-0.7145558345166
-0.838304779617319
-3.88439491260173
-1.87977373918322
-1.1535707440674
0.583406942366165
-0.379758468210405
-0.80957281858619
-0.116403738711191
-0.979167042019637
-1.30114913980429
-1.34535600147663
-1.14619136168654
1.25654200944699
-7.46926501032335
-7.06167428430043
-5.02019458331705
-4.93762393832283
-3.73285328672245
-4.67719313964323
-2.25336318710961
-2.71842570702568
0.0860402006079275
0.0467957436262747
0.938027743291421
-1.12868672775913
0.806560953321738
0.995486019812176
0.847469643615404
-0.432088159093055
0.288438271215296
-6.22161256786357
-5.98072117062397
-5.81806359089407
-5.94091238860644
-6.85649615073147
-3.23770168895881
-0.589486104262553
0.162468273222078
0.0703864150129225
0.969684232139115
1.52213563497044
-0.549089956275637
-0.630528147537072
1.13473315646909
2.67629866669343
1.59197362360456
1.05631944292434
2.4156958216166
-8.90041013830762
-8.05326514059594
-8.62085285593035
-6.95164247695788
-7.06066627242551
-7.5129501140681
-4.10030722884286
-4.77575134734686
-2.73408761518184
-0.755534512871719
-1.41684443776694
-1.59720596122404
-0.170990471410745
-0.852487876805344
0.156676306718985
0.178087159837687
1.89645752675579
3.06466549645958
5.81876584305889
6.43278341264553
0.00453379434654833
2.25111528460189
3.04079446292815
3.1767059082261
3.13649681400109
6.05230558791307
-7.02224457596595
-8.46581858082144
-5.42906557515753
-6.8361757088791
-8.07316279198754
-7.23501997984313
-4.99798297588386
-3.32030303578968
-2.95017772964238
-1.57460736771427
-0.570804068820853
1.7190141682702
2.14025703476989
-1.04978770910031
2.29503031617644
4.33959524516561
5.01675856791064
6.35345103271178
2.04737779065767
1.92470974529314
4.55293065731883
4.53759474692226
3.50184281355177
-7.0954435002335
-2.72631882273035
-8.82432162930422
-9.90056130126307
-5.34319620460423
-6.4916835050826
-5.38312196997846
-3.58453414768519
-2.67960702250184
-1.91104171288986
0.746769648734141
0.834734705271005
0.172318111717552
2.51145506698047
3.47224292770291
5.53040824567462
8.00734000256782
0.989236719559206
0.214298482376121
2.87301858303552
4.66156451108134
3.99519375018333
6.09885445676734
3.55155793416404
8.63964500975236
-4.68219586792396
0.0979070916221728
-2.72140562700444
-5.47165360898126
-5.3524570296164
-3.68138124693335
-2.58058200111981
-1.13306851962654
1.17110137192611
2.25408263418931
3.54725171569388
3.74723349739299
5.87189771267021
7.68523939863909
3.58454213656734
3.56435734011305
4.78165157253059
4.08572875584106
6.27842872324148
5.73529408838236
-6.88691531440832
-9.06426384917424
-4.11189917949729
-0.758495437479614
-0.850051448392536
-0.201453313103948
0.89286504359803
1.18517511375324
2.389904282927
3.4974603227356
4.79625899678591
6.67085171720619
0.204346203949936
-1.15461054380245
4.28140473714059
4.82251811944922
4.80820967705161
7.31206226042459
10.2010565504938
-8.74582866401984
-8.33649738307814
-6.19128445547693
-5.40437290419153
-3.82419855426098
-3.00049881090181
-2.02844130102874
-1.74588210440082
-0.318858711464602
0.850929569920979
1.19584208139925
2.36172438900597
2.54113354231955
6.07837488267908
3.46084599207592
4.77099910488947
4.06630935673798
5.34552240432073
7.93593144095371
9.41877071266877
-9.4207504918176
-8.06223532598402
-6.72074600347618
-5.03854184046087
-3.46152249285351
-2.68919383781898
-1.67710541491599
-0.539458067778051
0.754639623747426
2.13599722333176
2.33793491965808
4.76675490996578
2.69261234297963
3.86118599958135
6.33064129478905
9.03868389842643
7.82621496635849
11.8802140636133
-12.3646372033672
-6.76927194225979
-8.04192958523097
-5.00275453300473
-3.09594685307509
-1.61778917903462
-1.35069871275438
1.71270613507343
2.08113556582984
3.44130384785214
1.44362818136408
4.23350645625851
4.4655899913247
7.79566349806748
9.91111457605308
13.5883380453265
-11.0923130552603
-5.22692019995356
-4.8019684097689
-3.33075983173964
-1.67448363459798
0.0381324530333649
2.05117041827357
4.11218879744606
6.40834493361418
10.4316699778122
9.86883881479296
-7.20996686338158
-2.85026939150169
0.143604768555365
0.15381268392231
2.5299328451808
4.89686868387339
9.98895047693826
5.75079334153496
3.05827146905842
1.47225166991644
7.92262393293919
3.23363625022009
-3.31432411075635
-5.01653257147207
8.20304560895826
-4.99835576062961
0.202937159246979
10.1786927839402
9.92782198282234
-0.240386427643726
4.78379568588829
-3.49869671024894
-0.408833464802539
4.51009921627815
1.64526456247542
-2.87112648844348
1.5605017361509
0.0287101882469478
-0.472105971369317
-1.96715980943619
-1.03874062336895
-0.460774718475428
-4.26490707857275
0.628912817900476
-5.80015186688291
-1.7878897697516
-1.16701601554281
-1.04651028829322
-3.52066549602045
0.211125560576472
-7.11080038730891
0.203185635752679
-0.569371854924764
0.190943384684999
