-7.20588238514706
-7.89215689563725
-7.54901964039215
-6.51960787465686
-7.20588238514706
-11.1764706244118
-12.9921260222441
-13.0392157243137
-12.5988142668478
-12.5988142668478
-10.8333333691667
-7.20588238514706
-7.54901964039215
-10.5392157218137
-10.8823529770588
-11.1764706244118
-11.2254902323039
-11.2254902323039
-11.2254902323039
-11.1764706244118
-9.21568630872549
-7.20588238514706
-6.51960787465686
-9.21568630872549
-9.21568630872549
-9.21568630872549
-9.55882356397059
-9.55882356397059
-9.55882356397059
-9.55882356397059
-9.85294121132353
-10.1960784665686
-9.55882356397059
-2.89215689063725
-6.86274512990196
-7.89215689563725
-7.89215689563725
-7.89215689563725
-7.89215689563725
-7.89215689563725
-8.23529415088235
-8.52941179823529
-8.57843140612745
-8.52941179823529
-8.52941179823529
-6.51960787465686
-1.86274512490196
-5.78431375627451
-6.51960787465686
-5.78431375627451
-5.78431375627451
-5.78431375627451
-6.51960787465686
-6.86274512990196
-7.20588238514706
-7.20588238514706
-7.20588238514706
-7.20588238514706
-7.20588238514706
-1.86274512490196
-0.839920974456522
-1.86274512490196
-1.86274512490196
-1.86274512490196
-1.86274512490196
-1.86274512490196
-1.86274512490196
-2.89215689063725
-3.9705882642647
-3.9705882642647
-5.04901963789215
-3.9705882642647
-3.9705882642647
-0.839920974456522
0.151821837500005
2.00980389857843
2.00980389857843
2.94117644852941
2.00980389857843
2.00980389857843
2.00980389857843
1.12745095651961
1.12745095651961
0.151821837500005
0.151821837500005
0.151821837500005
0.151821837500005
-0.839920974456522
2.05882350647059
6.32352939308823
6.32352939308823
6.32352939308823
6.32352939308823
5.63725488259804
5.63725488259804
4.70588233264706
4.70588233264706
3.82352939058824
3.82352939058824
3.82352939058824
2.94117644852941
-0.839920974456522
7.05882351147059
8.13725488509805
7.74509802196079
7.74509802196079
7.74509802196079
7.74509802196079
7.40196076671569
7.05882351147059
7.05882351147059
7.05882351147059
7.05882351147059
2.94117644852941
3.82352939058824
9.90196076921569
9.55882351397059
9.16666665083333
9.16666665083333
9.16666665083333
8.82352939558824
8.48039214034314
8.48039214034314
8.48039214034314
8.48039214034314
2.00980389857843
6.66666664833334
10.931372534951
10.5882352797059
10.5882352797059
10.931372534951
10.5882352797059
10.2450980244608
9.90196076921569
8.48039214034314
2.94117644852941
5.63725488259804
8.48039214034314
12.3529411638235
12.3529411638235
12.3529411638235
10.931372534951
7.74509802196079
2.00980389857843
1.12745095651961
4.70588233264706
4.70588233264706
1.12745095651961
-1.86274512490196
-8.52941179823529
-9.55882356397059
-11.1764706244118
-11.9117647427941
-8.52941179823529
-5.04901963789215
-7.89215689563725
-10.8333333691667
-10.8823529770588
-12.2058823901471
-12.2058823901471
-11.9117647427941
-11.568627487549
-9.21568630872549
-5.04901963789215
-6.51960787465686
-9.21568630872549
-9.55882356397059
-10.1960784665686
-10.5392157218137
-10.5392157218137
-10.5392157218137
-10.5392157218137
-10.5392157218137
-8.87254905348039
-6.51960787465686
-2.89215689063725
-7.54901964039215
-8.23529415088235
-8.23529415088235
-8.57843140612745
-8.52941179823529
-8.87254905348039
-8.87254905348039
-8.87254905348039
-9.55882356397059
-9.85294121132353
-8.23529415088235
-1.86274512490196
-3.9705882642647
-6.51960787465686
-6.86274512990196
-6.86274512990196
-7.20588238514706
-7.20588238514706
-7.54901964039215
-7.54901964039215
-7.89215689563725
-7.89215689563725
-8.52941179823529
-8.52941179823529
-6.51960787465686
-2.89215689063725
-3.9705882642647
-3.9705882642647
-3.9705882642647
-3.9705882642647
-5.04901963789215
-5.78431375627451
-5.78431375627451
-6.51960787465686
-6.51960787465686
-6.51960787465686
-6.51960787465686
-3.9705882642647
1.12745095651961
1.12745095651961
1.12745095651961
1.12745095651961
0.151821837500005
0.151821837500005
-0.839920974456522
-1.86274512490196
-1.86274512490196
-1.86274512490196
-1.86274512490196
-1.86274512490196
-1.86274512490196
3.82352939058824
5.63725488259804
4.70588233264706
4.70588233264706
3.82352939058824
3.82352939058824
2.94117644852941
2.94117644852941
2.05882350647059
2.05882350647059
2.00980389857843
2.05882350647059
-0.839920974456522
4.70588233264706
7.74509802196079
7.74509802196079
7.05882351147059
7.05882351147059
6.66666664833334
6.66666664833334
6.32352939308823
5.63725488259804
5.63725488259804
5.63725488259804
4.70588233264706
1.12745095651961
2.00980389857843
8.82352939558824
9.16666665083333
8.48039214034314
8.48039214034314
8.48039214034314
8.13725488509805
8.13725488509805
7.74509802196079
7.74509802196079
7.40196076671569
6.66666664833334
0.151821837500005
3.82352939058824
7.74509802196079
9.90196076921569
9.90196076921569
9.90196076921569
9.90196076921569
9.90196076921569
9.16666665083333
8.82352939558824
8.48039214034314
3.82352939058824
1.12745095651961
8.82352939558824
10.9803921428431
11.6666666533333
11.6666666533333
11.6666666533333
8.82352939558824
8.48039214034314
2.00980389857843
2.00980389857843
7.05882351147059
9.16666665083333
8.48039214034314
8.82352939558824
2.00980389857843
0.151821837500005
-1.86274512490196
-1.86274512490196
-7.20588238514706
-5.78431375627451
-6.51960787465686
-5.04901963789215
-5.78431375627451
-9.21568630872549
-12.2058823901471
-11.9117647427941
-8.87254905348039
-2.89215689063725
-7.20588238514706
-9.55882356397059
-7.54901964039215
-9.55882356397059
-11.1764706244118
-11.2254902323039
-11.1764706244118
-7.89215689563725
-1.86274512490196
-2.89215689063725
-7.89215689563725
-8.57843140612745
-8.87254905348039
-9.21568630872549
-9.85294121132353
-9.85294121132353
-9.85294121132353
-9.21568630872549
-7.89215689563725
-5.78431375627451
-1.86274512490196
-2.89215689063725
-7.20588238514706
-7.54901964039215
-7.54901964039215
-7.89215689563725
-8.23529415088235
-8.23529415088235
-8.57843140612745
-8.52941179823529
-8.87254905348039
-9.21568630872549
-7.20588238514706
-0.839920974456522
-1.86274512490196
-5.78431375627451
-5.78431375627451
-5.78431375627451
-6.51960787465686
-6.51960787465686
-6.86274512990196
-7.20588238514706
-7.54901964039215
-7.89215689563725
-7.89215689563725
-7.89215689563725
-1.86274512490196
-0.839920974456522
0.151821837500005
-1.86274512490196
-1.86274512490196
-1.86274512490196
-1.86274512490196
-2.89215689063725
-2.89215689063725
-5.04901963789215
-5.04901963789215
-5.78431375627451
-5.78431375627451
-5.78431375627451
-1.86274512490196
2.00980389857843
3.82352939058824
2.94117644852941
2.94117644852941
2.94117644852941
2.05882350647059
2.00980389857843
1.12745095651961
0.151821837500005
0.151821837500005
0.151821837500005
0.151821837500005
-0.839920974456522
-0.839920974456522
2.05882350647059
6.66666664833334
6.66666664833334
6.66666664833334
6.66666664833334
5.63725488259804
5.63725488259804
4.70588233264706
3.82352939058824
3.82352939058824
3.82352939058824
2.00980389857843
0.151821837500005
-0.839920974456522
5.63725488259804
8.48039214034314
8.48039214034314
7.74509802196079
7.74509802196079
7.74509802196079
7.05882351147059
7.05882351147059
6.66666664833334
6.66666664833334
5.63725488259804
1.12745095651961
0.151821837500005
2.94117644852941
6.66666664833334
7.74509802196079
9.16666665083333
9.16666665083333
8.82352939558824
8.48039214034314
8.13725488509805
7.74509802196079
7.40196076671569
1.12745095651961
0.151821837500005
7.74509802196079
10.5882352797059
10.931372534951
10.931372534951
8.82352939558824
7.05882351147059
8.13725488509805
3.82352939058824
5.63725488259804
10.2450980244608
11.6666666533333
10.2450980244608
7.05882351147059
1.12745095651961
2.94117644852941
2.00980389857843
2.00980389857843
2.94117644852941
-0.839920974456522
-0.839920974456522
-0.839920974456522
-1.86274512490196
-7.89215689563725
-1.86274512490196
-1.86274512490196
-7.89215689563725
-7.89215689563725
-8.52941179823529
-7.54901964039215
-8.52941179823529
-1.86274512490196
-5.78431375627451
-10.1960784665686
-11.568627487549
-11.1764706244118
-8.52941179823529
-5.04901963789215
-1.86274512490196
-7.89215689563725
-7.89215689563725
-6.51960787465686
-9.55882356397059
-10.5392157218137
-10.5392157218137
-8.52941179823529
25
-0.839920974456522
-1.86274512490196
-7.54901964039215
-7.54901964039215
-8.23529415088235
-8.87254905348039
-9.21568630872549
-9.21568630872549
-9.21568630872549
-7.54901964039215
-5.78431375627451
-1.86274512490196
-0.839920974456522
-1.86274512490196
-6.51960787465686
-6.51960787465686
-6.86274512990196
-7.20588238514706
-7.54901964039215
-7.89215689563725
-7.89215689563725
-8.52941179823529
-8.52941179823529
-7.54901964039215
-2.89215689063725
-0.839920974456522
-0.839920974456522
-1.86274512490196
-3.9705882642647
-2.89215689063725
-3.9705882642647
-3.9705882642647
-5.78431375627451
-6.51960787465686
-6.51960787465686
-7.20588238514706
-7.54901964039215
-7.20588238514706
-5.04901963789215
-0.839920974456522
2.05882350647059
2.05882350647059
2.00980389857843
2.00980389857843
1.12745095651961
0.151821837500005
-0.839920974456522
-1.86274512490196
-2.89215689063725
-2.89215689063725
-2.89215689063725
-2.89215689063725
-2.89215689063725
-0.839920974456522
0.151821837500005
2.94117644852941
6.32352939308823
6.32352939308823
5.63725488259804
4.70588233264706
3.82352939058824
2.94117644852941
2.00980389857843
2.00980389857843
2.05882350647059
2.00980389857843
-0.839920974456522
2.05882350647059
6.66666664833334
7.74509802196079
7.74509802196079
7.05882351147059
6.66666664833334
6.66666664833334
6.32352939308823
5.63725488259804
4.70588233264706
3.82352939058824
-0.839920974456522
0.151821837500005
3.82352939058824
6.66666664833334
8.48039214034314
8.48039214034314
8.48039214034314
7.74509802196079
7.40196076671569
6.66666664833334
4.70588233264706
0.151821837500005
-0.839920974456522
-0.839920974456522
0.151821837500005
7.74509802196079
9.90196076921569
9.90196076921569
7.40196076671569
2.94117644852941
7.74509802196079
6.66666664833334
0.151821837500005
-0.839920974456522
6.66666664833334
8.48039214034314
10.2450980244608
9.16666665083333
7.05882351147059
1.12745095651961
2.00980389857843
7.74509802196079
5.63725488259804
6.66666664833334
6.66666664833334
3.82352939058824
2.00980389857843
5.63725488259804
-0.839920974456522
-0.839920974456522
-1.86274512490196
-0.839920974456522
-1.86274512490196
-6.51960787465686
-7.20588238514706
-3.9705882642647
-6.51960787465686
-8.57843140612745
-5.04901963789215
-5.04901963789215
-7.54901964039215
-9.85294121132353
-7.89215689563725
-6.51960787465686
-0.839920974456522
-0.839920974456522
-7.89215689563725
-6.51960787465686
-6.51960787465686
-8.87254905348039
-10.1960784665686
-7.89215689563725
-7.89215689563725
-7.54901964039215
-5.04901963789215
-0.839920974456522
-0.839920974456522
-1.86274512490196
-7.20588238514706
-6.51960787465686
-5.78431375627451
-9.55882356397059
-9.85294121132353
-8.52941179823529
-1.86274512490196
-1.86274512490196
-1.86274512490196
-0.839920974456522
-0.839920974456522
-0.839920974456522
-1.86274512490196
-6.51960787465686
-7.20588238514706
-7.54901964039215
-8.23529415088235
-8.57843140612745
-7.89215689563725
-7.54901964039215
-5.78431375627451
-1.86274512490196
-0.839920974456522
-0.839920974456522
-0.839920974456522
-0.839920974456522
-5.04901963789215
-5.78431375627451
-5.78431375627451
-6.51960787465686
-7.20588238514706
-7.20588238514706
-7.89215689563725
-8.23529415088235
-6.51960787465686
-5.04901963789215
-0.839920974456522
1.12745095651961
1.12745095651961
0.151821837500005
0.151821837500005
-0.839920974456522
-1.86274512490196
-2.89215689063725
-3.9705882642647
-5.04901963789215
-5.78431375627451
-6.51960787465686
-6.51960787465686
-6.51960787465686
-1.86274512490196
0.151821837500005
5.63725488259804
4.70588233264706
4.70588233264706
3.82352939058824
2.00980389857843
2.00980389857843
1.12745095651961
0.151821837500005
-1.86274512490196
-0.839920974456522
-1.86274512490196
-2.89215689063725
-1.86274512490196
2.94117644852941
6.66666664833334
7.40196076671569
6.66666664833334
6.32352939308823
5.63725488259804
4.70588233264706
2.94117644852941
2.94117644852941
2.94117644852941
-0.839920974456522
-0.839920974456522
-0.839920974456522
1.12745095651961
2.94117644852941
6.66666664833334
7.74509802196079
7.74509802196079
7.05882351147059
5.63725488259804
6.32352939308823
3.82352939058824
-0.839920974456522
-0.839920974456522
-0.839920974456522
1.12745095651961
0.151821837500005
2.00980389857843
8.48039214034314
8.82352939558824
7.74509802196079
2.94117644852941
6.66666664833334
4.70588233264706
-0.839920974456522
-0.839920974456522
2.94117644852941
6.66666664833334
7.05882351147059
7.74509802196079
7.74509802196079
7.40196076671569
2.00980389857843
0.151821837500005
6.66666664833334
4.70588233264706
2.00980389857843
2.94117644852941
6.66666664833334
6.66666664833334
3.82352939058824
3.82352939058824
8.48039214034314
2.94117644852941
-0.839920974456522
2.05882350647059
6.66666664833334
4.70588233264706
-0.839920974456522
-5.04901963789215
-6.51960787465686
-5.04901963789215
-1.86274512490196
-0.839920974456522
-6.51960787465686
-8.87254905348039
-7.89215689563725
-5.04901963789215
-5.04901963789215
-0.839920974456522
-0.839920974456522
-0.839920974456522
-5.04901963789215
-8.52941179823529
-7.20588238514706
-2.89215689063725
-1.86274512490196
-0.839920974456522
-6.51960787465686
-7.54901964039215
-1.86274512490196
-5.78431375627451
-7.54901964039215
-7.89215689563725
-7.89215689563725
-7.20588238514706
-3.9705882642647
-1.86274512490196
-1.86274512490196
-0.839920974456522
-1.86274512490196
-7.54901964039215
-6.51960787465686
-7.20588238514706
-9.55882356397059
-8.52941179823529
-7.54901964039215
-7.54901964039215
-8.52941179823529
-7.54901964039215
-5.04901963789215
-1.86274512490196
-1.86274512490196
-0.839920974456522
-1.86274512490196
-6.51960787465686
-6.51960787465686
-7.54901964039215
-8.57843140612745
-8.87254905348039
-2.89215689063725
-2.89215689063725
-6.51960787465686
-5.04901963789215
-0.839920974456522
-0.839920974456522
-0.839920974456522
-0.839920974456522
-5.04901963789215
-6.51960787465686
-7.20588238514706
-7.54901964039215
-7.89215689563725
-7.54901964039215
-6.51960787465686
-2.89215689063725
-0.839920974456522
-0.839920974456522
-0.839920974456522
1.12745095651961
1.12745095651961
-2.89215689063725
-2.89215689063725
-3.9705882642647
-5.78431375627451
-6.51960787465686
-6.51960787465686
-6.51960787465686
-7.54901964039215
-6.51960787465686
-0.839920974456522
-0.839920974456522
-0.839920974456522
2.00980389857843
3.82352939058824
2.94117644852941
2.00980389857843
2.00980389857843
0.151821837500005
-0.839920974456522
-1.86274512490196
-3.9705882642647
-5.04901963789215
-5.04901963789215
-5.78431375627451
-2.89215689063725
-1.86274512490196
-0.839920974456522
0.151821837500005
3.82352939058824
5.63725488259804
5.63725488259804
5.63725488259804
3.82352939058824
2.94117644852941
2.00980389857843
0.151821837500005
-0.839920974456522
-2.89215689063725
-1.86274512490196
-0.839920974456522
-0.839920974456522
0.151821837500005
0.151821837500005
1.12745095651961
3.82352939058824
6.66666664833334
6.66666664833334
6.66666664833334
4.70588233264706
3.82352939058824
2.00980389857843
-1.86274512490196
-0.839920974456522
-0.839920974456522
2.94117644852941
4.70588233264706
2.00980389857843
2.94117644852941
7.74509802196079
6.66666664833334
3.82352939058824
3.82352939058824
3.82352939058824
0.151821837500005
1.12745095651961
-0.839920974456522
2.94117644852941
6.66666664833334
7.05882351147059
5.63725488259804
7.05882351147059
8.82352939558824
7.74509802196079
3.82352939058824
3.82352939058824
5.63725488259804
0.151821837500005
2.00980389857843
-0.839920974456522
2.00980389857843
4.70588233264706
5.63725488259804
5.63725488259804
6.66666664833334
1.12745095651961
2.00980389857843
6.66666664833334
3.82352939058824
0.151821837500005
0.151821837500005
2.94117644852941
6.66666664833334
7.05882351147059
1.12745095651961
25
0.151821837500005
2.05882350647059
-0.839920974456522
0.151821837500005
6.66666664833334
6.66666664833334
7.74509802196079
2.94117644852941
-0.839920974456522
1.12745095651961
2.00980389857843
2.05882350647059
1.12745095651961
-1.86274512490196
-1.86274512490196
-1.86274512490196
-1.86274512490196
-0.839920974456522
-1.86274512490196
-1.86274512490196
-1.86274512490196
-2.89215689063725
-1.86274512490196
-1.86274512490196
-8.52941179823529
-7.89215689563725
-7.54901964039215
-5.78431375627451
-3.9705882642647
-1.86274512490196
-0.839920974456522
-2.89215689063725
-1.86274512490196
-1.86274512490196
-2.89215689063725
-8.52941179823529
-9.55882356397059
-9.21568630872549
-8.87254905348039
-6.51960787465686
-5.04901963789215
-5.04901963789215
-1.86274512490196
-1.86274512490196
-2.89215689063725
-2.89215689063725
-0.839920974456522
-1.86274512490196
-7.89215689563725
-7.89215689563725
-7.89215689563725
-6.51960787465686
-5.04901963789215
-2.89215689063725
-1.86274512490196
-0.839920974456522
-3.9705882642647
-1.86274512490196
-0.839920974456522
-0.839920974456522
-2.89215689063725
-5.04901963789215
-1.86274512490196
-6.51960787465686
-7.54901964039215
-5.04901963789215
-0.839920974456522
-1.86274512490196
-2.89215689063725
-0.839920974456522
-0.839920974456522
-0.839920974456522
-3.9705882642647
-3.9705882642647
-0.839920974456522
-1.86274512490196
-6.51960787465686
-5.78431375627451
-0.839920974456522
-6.51960787465686
-7.89215689563725
-8.87254905348039
-7.89215689563725
-6.51960787465686
-6.51960787465686
-0.839920974456522
-0.839920974456522
0.151821837500005
-0.839920974456522
-1.86274512490196
-1.86274512490196
-2.89215689063725
-6.51960787465686
-1.86274512490196
-0.839920974456522
-2.89215689063725
-8.52941179823529
-7.89215689563725
-6.51960787465686
-7.89215689563725
-8.52941179823529
-8.87254905348039
-6.51960787465686
-0.839920974456522
0.151821837500005
-0.839920974456522
0.151821837500005
0.151821837500005
-0.839920974456522
-0.839920974456522
-2.89215689063725
-3.9705882642647
-3.9705882642647
-3.9705882642647
-3.9705882642647
-1.86274512490196
-5.78431375627451
-7.54901964039215
-7.20588238514706
-5.78431375627451
-0.839920974456522
0.151821837500005
-0.839920974456522
0.151821837500005
1.12745095651961
0.151821837500005
-1.86274512490196
-1.86274512490196
-1.86274512490196
-1.86274512490196
-2.89215689063725
-2.89215689063725
-1.86274512490196
-1.86274512490196
-2.89215689063725
-5.78431375627451
-5.04901963789215
-1.86274512490196
0.151821837500005
0.151821837500005
-0.839920974456522
-0.839920974456522
1.12745095651961
2.05882350647059
-0.839920974456522
-0.839920974456522
-0.839920974456522
-0.839920974456522
-1.86274512490196
-1.86274512490196
-1.86274512490196
-5.04901963789215
-6.51960787465686
-1.86274512490196
-3.9705882642647
-5.04901963789215
-2.89215689063725
1.12745095651961
1.12745095651961
1.12745095651961
1.12745095651961
5.63725488259804
2.00980389857843
0.151821837500005
0.151821837500005
0.151821837500005
-0.839920974456522
-0.839920974456522
-0.839920974456522
-1.86274512490196
-5.04901963789215
-2.89215689063725
-1.86274512490196
-3.9705882642647
-1.86274512490196
1.12745095651961
2.05882350647059
5.63725488259804
1.12745095651961
0.151821837500005
-0.839920974456522
0.151821837500005
1.12745095651961
1.12745095651961
0.151821837500005
-0.839920974456522
-0.839920974456522
-1.86274512490196
-2.89215689063725
-1.86274512490196
-1.86274512490196
-1.86274512490196
-0.839920974456522
3.82352939058824
6.66666664833334
6.32352939308823
2.94117644852941
0.151821837500005
2.05882350647059
1.12745095651961
1.12745095651961
1.12745095651961
2.00980389857843
-0.839920974456522
-1.86274512490196
-1.86274512490196
-1.86274512490196
-0.839920974456522
-0.839920974456522
7.74509802196079
7.74509802196079
7.40196076671569
6.66666664833334
4.70588233264706
6.66666664833334
6.66666664833334
0.151821837500005
2.00980389857843
3.82352939058824
0.151821837500005
0.151821837500005
1.12745095651961
0.151821837500005
-1.86274512490196
-0.839920974456522
2.94117644852941
6.66666664833334
6.66666664833334
5.63725488259804
5.63725488259804
3.82352939058824
0.151821837500005
4.70588233264706
5.63725488259804
0.151821837500005
2.94117644852941
2.00980389857843
-0.839920974456522
0.151821837500005
2.00980389857843
1.12745095651961
5.63725488259804
6.66666664833334
2.00980389857843
2.94117644852941
2.94117644852941
1.12745095651961
25
0.151821837500005
2.05882350647059
1.12745095651961
2.94117644852941
2.00980389857843
2.94117644852941
6.66666664833334
7.74509802196079
8.48039214034314
5.63725488259804
0.151821837500005
2.94117644852941
2.05882350647059
0.151821837500005
0.151821837500005
2.94117644852941
5.63725488259804
7.05882351147059
8.48039214034314
9.16666665083333
9.16666665083333
5.63725488259804
-0.839920974456522
0.151821837500005
1.12745095651961
1.12745095651961
-0.839920974456522
0.151821837500005
2.05882350647059
3.82352939058824
4.70588233264706
3.82352939058824
3.82352939058824
-0.839920974456522
1.12745095651961
1.12745095651961
0.151821837500005
-0.839920974456522
0.151821837500005
1.12745095651961
1.12745095651961
-0.839920974456522
0.151821837500005
-0.839920974456522
-7.20588238514706
-5.04901963789215
-5.78431375627451
-0.839920974456522
-7.20588238514706
-6.51960787465686
-6.86274512990196
-7.20588238514706
-7.54901964039215
-6.86274512990196
-0.839920974456522
-0.839920974456522
-1.86274512490196
-5.04901963789215
-7.54901964039215
-7.89215689563725
-6.51960787465686
-7.54901964039215
-6.86274512990196
-7.20588238514706
-5.78431375627451
-5.78431375627451
-7.54901964039215
-1.86274512490196
-0.839920974456522
-5.78431375627451
-6.51960787465686
-6.51960787465686
-6.51960787465686
-5.78431375627451
-3.9705882642647
-6.51960787465686
-6.86274512990196
-8.23529415088235
-7.54901964039215
-7.20588238514706
-7.20588238514706
-7.20588238514706
-6.51960787465686
-1.86274512490196
-0.839920974456522
-1.86274512490196
-6.51960787465686
-7.89215689563725
-7.54901964039215
-6.51960787465686
-5.78431375627451
-5.78431375627451
-5.78431375627451
-5.78431375627451
-6.51960787465686
-6.51960787465686
-7.89215689563725
-7.54901964039215
-6.51960787465686
-6.51960787465686
-6.51960787465686
-6.86274512990196
-5.78431375627451
-2.89215689063725
-2.89215689063725
-7.20588238514706
-7.20588238514706
-6.51960787465686
-6.51960787465686
-6.51960787465686
-6.51960787465686
-2.89215689063725
-1.86274512490196
-5.04901963789215
-5.78431375627451
-5.04901963789215
-6.86274512990196
-7.54901964039215
-7.89215689563725
-5.78431375627451
-5.78431375627451
-5.78431375627451
-3.9705882642647
-3.9705882642647
-5.04901963789215
-0.839920974456522
-7.20588238514706
-7.20588238514706
-6.86274512990196
-6.51960787465686
-3.9705882642647
-0.839920974456522
-0.839920974456522
-7.54901964039215
-7.54901964039215
-3.9705882642647
-5.04901963789215
-3.9705882642647
-5.04901963789215
-5.04901963789215
-0.839920974456522
-0.839920974456522
-5.78431375627451
-7.20588238514706
-6.86274512990196
-5.78431375627451
-1.86274512490196
-1.86274512490196
-6.51960787465686
-7.89215689563725
-7.89215689563725
-7.89215689563725
-8.52941179823529
-7.54901964039215
-2.89215689063725
-5.04901963789215
-5.78431375627451
-1.86274512490196
-1.86274512490196
-1.86274512490196
-3.9705882642647
-3.9705882642647
-2.89215689063725
-3.9705882642647
-6.86274512990196
-6.51960787465686
-5.04901963789215
-1.86274512490196
-6.51960787465686
-10.1960784665686
-9.85294121132353
-9.55882356397059
-9.55882356397059
-8.87254905348039
-8.87254905348039
-8.57843140612745
-8.23529415088235
-7.89215689563725
-1.86274512490196
-6.51960787465686
-7.20588238514706
-0.839920974456522
-1.86274512490196
-1.86274512490196
-1.86274512490196
-1.86274512490196
-0.839920974456522
-6.51960787465686
-6.51960787465686
-5.78431375627451
-1.86274512490196
-7.20588238514706
-8.87254905348039
-8.87254905348039
-8.57843140612745
-8.23529415088235
-7.89215689563725
-7.20588238514706
-7.89215689563725
-7.89215689563725
-8.23529415088235
-7.20588238514706
-6.51960787465686
-7.20588238514706
-7.89215689563725
-2.89215689063725
-1.86274512490196
-0.839920974456522
-0.839920974456522
-1.86274512490196
-0.839920974456522
-0.839920974456522
-1.86274512490196
-5.78431375627451
-5.78431375627451
-2.89215689063725
-5.78431375627451
-7.89215689563725
-7.54901964039215
-5.78431375627451
-2.89215689063725
-1.86274512490196
-1.86274512490196
-2.89215689063725
-5.04901963789215
-6.51960787465686
-7.54901964039215
-7.54901964039215
-6.86274512990196
-6.51960787465686
-5.78431375627451
-5.04901963789215
-3.9705882642647
-0.839920974456522
-0.839920974456522
0.151821837500005
-0.839920974456522
-0.839920974456522
-1.86274512490196
-3.9705882642647
-3.9705882642647
-0.839920974456522
-1.86274512490196
-6.51960787465686
-6.86274512990196
-1.86274512490196
-1.86274512490196
-2.89215689063725
-0.839920974456522
-5.04901963789215
-7.20588238514706
-6.86274512990196
-5.78431375627451
-5.04901963789215
-3.9705882642647
-3.9705882642647
-0.839920974456522
0.151821837500005
-0.839920974456522
0.151821837500005
0.151821837500005
0.151821837500005
-0.839920974456522
-1.86274512490196
-1.86274512490196
-1.86274512490196
-5.04901963789215
-2.89215689063725
-0.839920974456522
-5.04901963789215
-7.89215689563725
-8.57843140612745
-7.89215689563725
-7.89215689563725
-5.04901963789215
-1.86274512490196
-6.51960787465686
-5.78431375627451
-5.04901963789215
-3.9705882642647
-2.89215689063725
0.151821837500005
0.151821837500005
0.151821837500005
2.05882350647059
2.05882350647059
1.12745095651961
-0.839920974456522
-0.839920974456522
0.151821837500005
-0.839920974456522
-2.89215689063725
-0.839920974456522
-5.78431375627451
-6.51960787465686
-7.54901964039215
-8.23529415088235
-8.87254905348039
-6.51960787465686
-1.86274512490196
-5.78431375627451
-5.04901963789215
-3.9705882642647
-5.04901963789215
-5.04901963789215
0.151821837500005
1.12745095651961
-0.839920974456522
-0.839920974456522
2.05882350647059
2.94117644852941
2.05882350647059
0.151821837500005
1.12745095651961
1.12745095651961
-0.839920974456522
-1.86274512490196
-6.51960787465686
-7.54901964039215
-8.23529415088235
-6.51960787465686
-1.86274512490196
-3.9705882642647
-3.9705882642647
-5.04901963789215
-3.9705882642647
1.12745095651961
1.12745095651961
0.151821837500005
0.151821837500005
3.82352939058824
3.82352939058824
2.00980389857843
0.151821837500005
2.94117644852941
0.151821837500005
-0.839920974456522
-1.86274512490196
-5.78431375627451
-7.20588238514706
-7.89215689563725
-5.04901963789215
-1.86274512490196
-2.89215689063725
-1.86274512490196
-2.89215689063725
2.05882350647059
1.12745095651961
1.12745095651961
1.12745095651961
4.70588233264706
5.63725488259804
3.82352939058824
0.151821837500005
0.151821837500005
1.12745095651961
-5.04901963789215
-1.86274512490196
-1.86274512490196
-5.78431375627451
-6.86274512990196
-5.78431375627451
-1.86274512490196
-0.839920974456522
-2.89215689063725
-1.86274512490196
-2.89215689063725
2.00980389857843
1.12745095651961
2.00980389857843
1.12745095651961
2.94117644852941
6.32352939308823
5.63725488259804
2.94117644852941
-0.839920974456522
2.00980389857843
-2.89215689063725
-5.04901963789215
-1.86274512490196
-3.9705882642647
-5.78431375627451
-5.78431375627451
-1.86274512490196
-2.89215689063725
-1.86274512490196
-1.86274512490196
2.05882350647059
2.00980389857843
1.12745095651961
0.151821837500005
0.151821837500005
-0.839920974456522
4.70588233264706
7.05882351147059
6.66666664833334
3.82352939058824
1.12745095651961
25
-0.839920974456522
-2.89215689063725
-1.86274512490196
-1.86274512490196
-5.04901963789215
-5.04901963789215
-5.04901963789215
-0.839920974456522
-1.86274512490196
-1.86274512490196
-1.86274512490196
2.05882350647059
2.05882350647059
2.94117644852941
3.82352939058824
1.12745095651961
-0.839920974456522
6.66666664833334
7.74509802196079
7.05882351147059
6.66666664833334
3.82352939058824
3.82352939058824
0.151821837500005
0.151821837500005
-0.839920974456522
-0.839920974456522
-0.839920974456522
-1.86274512490196
-0.839920974456522
-1.86274512490196
-3.9705882642647
-2.89215689063725
-2.89215689063725
-1.86274512490196
-1.86274512490196
-0.839920974456522
2.94117644852941
4.70588233264706
1.12745095651961
2.94117644852941
4.70588233264706
3.82352939058824
0.151821837500005
2.00980389857843
6.66666664833334
6.32352939308823
6.66666664833334
4.70588233264706
4.70588233264706
-0.839920974456522
2.00980389857843
2.00980389857843
-0.839920974456522
-0.839920974456522
1.12745095651961
1.12745095651961
-0.839920974456522
-0.839920974456522
-1.86274512490196
-1.86274512490196
-0.839920974456522
-0.839920974456522
-0.839920974456522
4.70588233264706
2.94117644852941
5.63725488259804
4.70588233264706
5.63725488259804
3.82352939058824
2.00980389857843
0.151821837500005
2.00980389857843
6.32352939308823
3.82352939058824
1.12745095651961
2.94117644852941
2.05882350647059
0.151821837500005
-0.839920974456522
-0.839920974456522
-1.86274512490196
-0.839920974456522
-0.839920974456522
-0.839920974456522
4.70588233264706
2.05882350647059
3.82352939058824
4.70588233264706
5.63725488259804
6.66666664833334
6.66666664833334
6.32352939308823
2.94117644852941
2.00980389857843
2.00980389857843
2.00980389857843
2.94117644852941
6.66666664833334
7.05882351147059
7.40196076671569
2.00980389857843
2.94117644852941
3.82352939058824
3.82352939058824
-0.839920974456522
-0.839920974456522
0.151821837500005
0.151821837500005
-0.839920974456522
-0.839920974456522
0.151821837500005
-0.839920974456522
0.151821837500005
3.82352939058824
5.63725488259804
7.05882351147059
7.05882351147059
7.05882351147059
7.74509802196079
7.74509802196079
7.74509802196079
8.13725488509805
8.48039214034314
8.48039214034314
8.48039214034314
2.94117644852941
2.00980389857843
4.70588233264706
5.63725488259804
2.00980389857843
1.12745095651961
1.12745095651961
1.12745095651961
1.12745095651961
0.151821837500005
-0.839920974456522
-0.839920974456522
2.00980389857843
3.82352939058824
7.05882351147059
8.13725488509805
8.48039214034314
8.82352939558824
9.16666665083333
9.55882351397059
9.90196076921569
7.05882351147059
2.05882350647059
2.00980389857843
3.82352939058824
5.63725488259804
6.32352939308823
2.00980389857843
2.05882350647059
2.94117644852941
2.05882350647059
1.12745095651961
2.00980389857843
2.05882350647059
0.151821837500005
0.151821837500005
0.151821837500005
4.70588233264706
2.00980389857843
5.63725488259804
6.66666664833334
6.66666664833334
2.00980389857843
2.05882350647059
3.82352939058824
6.32352939308823
4.70588233264706
2.94117644852941
1.12745095651961
2.94117644852941
2.00980389857843
2.05882350647059
4.70588233264706
2.94117644852941
2.00980389857843
-0.839920974456522
1.12745095651961
-0.839920974456522
2.00980389857843
3.82352939058824
5.63725488259804
5.63725488259804
6.66666664833334
5.63725488259804
-0.839920974456522
2.94117644852941
2.94117644852941
2.05882350647059
4.70588233264706
5.63725488259804
2.94117644852941
3.82352939058824
3.82352939058824
-0.839920974456522
4.70588233264706
6.66666664833334
3.82352939058824
5.63725488259804
5.63725488259804
4.70588233264706
5.63725488259804
5.63725488259804
5.63725488259804
6.66666664833334
1.12745095651961
2.00980389857843
3.82352939058824
2.94117644852941
5.63725488259804
4.70588233264706
4.70588233264706
7.05882351147059
4.70588233264706
7.05882351147059
5.63725488259804
5.63725488259804
4.70588233264706
5.63725488259804
3.82352939058824
5.63725488259804
5.63725488259804
3.82352939058824
0.151821837500005
3.82352939058824
2.94117644852941
6.66666664833334
7.05882351147059
6.66666664833334
6.66666664833334
6.66666664833334
6.32352939308823
4.70588233264706
3.82352939058824
5.63725488259804
6.66666664833334
3.82352939058824
6.66666664833334
3.82352939058824
-0.839920974456522
4.70588233264706
5.63725488259804
6.66666664833334
7.05882351147059
6.32352939308823
6.66666664833334
6.66666664833334
3.82352939058824
3.82352939058824
3.82352939058824
7.05882351147059
7.74509802196079
2.00980389857843
3.82352939058824
6.66666664833334
6.66666664833334
6.32352939308823
6.66666664833334
6.66666664833334
0.151821837500005
0.151821837500005
2.00980389857843
6.66666664833334
6.66666664833334
-15.0980392557843
-14.2156863137255
-12.2058823901471
-11.9117647427941
-10.5392157218137
-7.89215689563725
-7.20588238514706
-8.87254905348039
-11.568627487549
-12.2058823901471
-12.2058823901471
-13.0392157243137
-11.1764706244118
-11.1764706244118
-10.8333333691667
-10.1960784665686
-5.78431375627451
-5.04901963789215
-7.89215689563725
-9.55882356397059
-9.85294121132353
-10.1960784665686
-10.1960784665686
-10.8333333691667
-10.5392157218137
-11.9117647427941
-11.9117647427941
-10.8823529770588
-10.5392157218137
-9.55882356397059
-8.87254905348039
-2.89215689063725
-6.51960787465686
-9.21568630872549
-8.52941179823529
-8.87254905348039
-8.52941179823529
-8.23529415088235
-8.52941179823529
-8.87254905348039
-9.85294121132353
-9.55882356397059
-11.1764706244118
-11.9117647427941
-10.8823529770588
-9.21568630872549
-9.21568630872549
-8.87254905348039
-8.23529415088235
-5.04901963789215
-6.51960787465686
-8.87254905348039
-8.52941179823529
-8.52941179823529
-7.89215689563725
-7.89215689563725
-7.89215689563725
-7.89215689563725
-7.89215689563725
-8.52941179823529
-8.52941179823529
-9.21568630872549
-10.8823529770588
-11.1764706244118
-10.1960784665686
-9.55882356397059
-8.87254905348039
-8.23529415088235
-7.20588238514706
-5.78431375627451
-6.51960787465686
-8.57843140612745
-7.89215689563725
-7.89215689563725
-6.86274512990196
-6.51960787465686
-5.78431375627451
-3.9705882642647
-2.89215689063725
-1.86274512490196
-1.86274512490196
-5.04901963789215
-6.51960787465686
-7.54901964039215
-8.87254905348039
-11.9117647427941
-8.52941179823529
-7.54901964039215
-7.54901964039215
-7.20588238514706
-5.78431375627451
-2.89215689063725
-7.89215689563725
-7.89215689563725
-7.54901964039215
-6.86274512990196
-5.04901963789215
-1.86274512490196
-2.89215689063725
-5.04901963789215
-6.51960787465686
-5.78431375627451
-6.51960787465686
-8.87254905348039
-5.04901963789215
-6.86274512990196
-6.51960787465686
-6.51960787465686
-5.78431375627451
-2.89215689063725
-6.51960787465686
-7.54901964039215
-7.20588238514706
-6.51960787465686
-2.89215689063725
-1.86274512490196
-7.54901964039215
-9.21568630872549
-10.5392157218137
-10.8333333691667
-10.8333333691667
-10.8333333691667
-10.5392157218137
-9.21568630872549
-6.51960787465686
-0.839920974456522
-8.52941179823529
-6.51960787465686
-1.86274512490196
-3.9705882642647
-3.9705882642647
-5.04901963789215
-2.89215689063725
-0.839920974456522
-1.86274512490196
-6.86274512990196
-6.86274512990196
-6.51960787465686
-2.89215689063725
-5.04901963789215
-8.87254905348039
-8.52941179823529
-8.87254905348039
-9.21568630872549
-8.52941179823529
-9.21568630872549
-9.21568630872549
-9.55882356397059
-9.55882356397059
-8.87254905348039
-9.85294121132353
-7.20588238514706
-9.21568630872549
-0.839920974456522
-1.86274512490196
-1.86274512490196
-2.89215689063725
-2.89215689063725
-1.86274512490196
-2.89215689063725
-6.51960787465686
-5.78431375627451
-3.9705882642647
-2.89215689063725
-8.23529415088235
-7.89215689563725
-7.54901964039215
-7.89215689563725
-7.54901964039215
-7.20588238514706
-7.54901964039215
-7.89215689563725
-8.23529415088235
-8.52941179823529
-8.52941179823529
-8.57843140612745
-9.21568630872549
-7.89215689563725
-5.78431375627451
-1.86274512490196
-0.839920974456522
-0.839920974456522
-0.839920974456522
-0.839920974456522
-0.839920974456522
-0.839920974456522
-2.89215689063725
-5.04901963789215
-3.9705882642647
-1.86274512490196
-6.51960787465686
-5.78431375627451
-2.89215689063725
-2.89215689063725
-1.86274512490196
-3.9705882642647
-6.51960787465686
-7.20588238514706
-7.54901964039215
-7.89215689563725
-7.89215689563725
-8.52941179823529
-8.23529415088235
0.151821837500005
-0.839920974456522
-0.839920974456522
0.151821837500005
0.151821837500005
-0.839920974456522
-0.839920974456522
-1.86274512490196
-1.86274512490196
-1.86274512490196
-1.86274512490196
-1.86274512490196
-1.86274512490196
-1.86274512490196
-5.78431375627451
-3.9705882642647
-1.86274512490196
-3.9705882642647
-6.51960787465686
-7.20588238514706
-7.54901964039215
-7.54901964039215
-7.54901964039215
-7.89215689563725
1.12745095651961
0.151821837500005
2.00980389857843
1.12745095651961
1.12745095651961
0.151821837500005
-0.839920974456522
-0.839920974456522
-0.839920974456522
-5.78431375627451
-6.51960787465686
-8.52941179823529
-7.20588238514706
-5.04901963789215
-1.86274512490196
-5.78431375627451
-6.51960787465686
-7.20588238514706
-7.20588238514706
-7.54901964039215
1.12745095651961
0.151821837500005
2.05882350647059
2.94117644852941
2.05882350647059
1.12745095651961
0.151821837500005
1.12745095651961
0.151821837500005
-1.86274512490196
-1.86274512490196
-6.51960787465686
-8.23529415088235
-8.23529415088235
-5.04901963789215
-1.86274512490196
-5.78431375627451
-6.51960787465686
-6.86274512990196
-6.86274512990196
2.05882350647059
2.05882350647059
2.00980389857843
1.12745095651961
4.70588233264706
2.94117644852941
2.05882350647059
0.151821837500005
2.05882350647059
-0.839920974456522
-3.9705882642647
-6.86274512990196
-7.89215689563725
-7.54901964039215
-7.20588238514706
-2.89215689063725
-5.78431375627451
-6.51960787465686
-6.51960787465686
2.94117644852941
2.00980389857843
3.82352939058824
1.12745095651961
25
5.63725488259804
4.70588233264706
3.82352939058824
2.00980389857843
1.12745095651961
-0.839920974456522
-0.839920974456522
-2.89215689063725
-6.51960787465686
-7.20588238514706
-7.89215689563725
-1.86274512490196
-5.04901963789215
-5.78431375627451
-5.78431375627451
3.82352939058824
3.82352939058824
3.82352939058824
2.94117644852941
2.00980389857843
6.66666664833334
6.32352939308823
4.70588233264706
1.12745095651961
-0.839920974456522
-1.86274512490196
-1.86274512490196
-3.9705882642647
-6.51960787465686
-6.86274512990196
-5.78431375627451
-2.89215689063725
-5.04901963789215
-5.04901963789215
4.70588233264706
4.70588233264706
3.82352939058824
4.70588233264706
1.12745095651961
3.82352939058824
7.05882351147059
5.63725488259804
3.82352939058824
1.12745095651961
-2.89215689063725
-3.9705882642647
-1.86274512490196
-3.9705882642647
-5.78431375627451
-6.51960787465686
-1.86274512490196
-0.839920974456522
-5.04901963789215
-3.9705882642647
5.63725488259804
5.63725488259804
4.70588233264706
3.82352939058824
0.151821837500005
4.70588233264706
6.66666664833334
7.05882351147059
3.82352939058824
2.00980389857843
-1.86274512490196
-1.86274512490196
-0.839920974456522
-0.839920974456522
-1.86274512490196
-3.9705882642647
-5.04901963789215
-2.89215689063725
-2.89215689063725
-2.89215689063725
6.66666664833334
6.66666664833334
5.63725488259804
5.63725488259804
3.82352939058824
0.151821837500005
2.00980389857843
6.66666664833334
6.66666664833334
4.70588233264706
3.82352939058824
-0.839920974456522
0.151821837500005
-0.839920974456522
-0.839920974456522
-1.86274512490196
-2.89215689063725
-2.89215689063725
-2.89215689063725
-1.86274512490196
-1.86274512490196
7.05882351147059
7.05882351147059
6.66666664833334
6.66666664833334
6.32352939308823
4.70588233264706
2.00980389857843
0.151821837500005
2.00980389857843
2.00980389857843
-0.839920974456522
-0.839920974456522
0.151821837500005
1.12745095651961
0.151821837500005
-0.839920974456522
1.12745095651961
1.12745095651961
0.151821837500005
-0.839920974456522
-1.86274512490196
-1.86274512490196
-1.86274512490196
-0.839920974456522
-0.839920974456522
7.74509802196079
8.13725488509805
7.74509802196079
7.74509802196079
7.40196076671569
7.05882351147059
6.66666664833334
3.82352939058824
2.94117644852941
1.12745095651961
-0.839920974456522
0.151821837500005
1.12745095651961
2.00980389857843
2.00980389857843
4.70588233264706
3.82352939058824
0.151821837500005
2.94117644852941
2.94117644852941
0.151821837500005
-0.839920974456522
0.151821837500005
0.151821837500005
-0.839920974456522
-0.839920974456522
0.151821837500005
1.12745095651961
7.05882351147059
8.13725488509805
8.48039214034314
8.48039214034314
8.13725488509805
7.74509802196079
7.40196076671569
7.05882351147059
5.63725488259804
6.66666664833334
7.74509802196079
7.74509802196079
7.74509802196079
5.63725488259804
0.151821837500005
-0.839920974456522
2.94117644852941
4.70588233264706
4.70588233264706
1.12745095651961
-0.839920974456522
1.12745095651961
1.12745095651961
1.12745095651961
1.12745095651961
-0.839920974456522
0.151821837500005
7.74509802196079
3.82352939058824
8.48039214034314
9.16666665083333
9.16666665083333
9.16666665083333
9.16666665083333
8.82352939558824
8.82352939558824
8.82352939558824
8.82352939558824
8.82352939558824
6.66666664833334
0.151821837500005
2.00980389857843
5.63725488259804
6.32352939308823
4.70588233264706
0.151821837500005
2.00980389857843
2.94117644852941
2.00980389857843
2.05882350647059
-0.839920974456522
5.63725488259804
3.82352939058824
8.48039214034314
8.82352939558824
10.5882352797059
10.5882352797059
10.2450980244608
7.74509802196079
6.66666664833334
2.00980389857843
-0.839920974456522
2.94117644852941
5.63725488259804
6.66666664833334
7.05882351147059
4.70588233264706
2.00980389857843
3.82352939058824
4.70588233264706
5.63725488259804
6.32352939308823
2.94117644852941
7.74509802196079
3.82352939058824
0.151821837500005
1.12745095651961
0.151821837500005
2.00980389857843
3.82352939058824
6.32352939308823
7.05882351147059
7.40196076671569
5.63725488259804
0.151821837500005
0.151821837500005
5.63725488259804
6.66666664833334
7.05882351147059
7.74509802196079
7.74509802196079
10.931372534951
7.74509802196079
6.66666664833334
6.32352939308823
2.00980389857843
2.00980389857843
2.00980389857843
2.00980389857843
3.82352939058824
5.63725488259804
6.32352939308823
7.05882351147059
7.05882351147059
7.74509802196079
7.74509802196079
2.00980389857843
2.94117644852941
6.66666664833334
7.74509802196079
8.48039214034314
9.16666665083333
11.3235293980882
9.55882351397059
10.2450980244608
9.16666665083333
8.48039214034314
7.74509802196079
7.74509802196079
7.40196076671569
7.40196076671569
7.05882351147059
7.74509802196079
7.74509802196079
8.13725488509805
3.82352939058824
3.82352939058824
7.74509802196079
8.48039214034314
8.48039214034314
10.2450980244608
12.0098039085784
10.931372534951
10.2450980244608
10.2450980244608
9.16666665083333
8.48039214034314
7.74509802196079
8.48039214034314
8.48039214034314
9.16666665083333
8.48039214034314
3.82352939058824
2.94117644852941
8.48039214034314
9.16666665083333
10.2450980244608
10.5882352797059
12.7460629798721
12.0098039085784
11.6666666533333
10.2450980244608
9.16666665083333
9.16666665083333
9.90196076921569
8.48039214034314
7.74509802196079
1.12745095651961
6.66666664833334
9.90196076921569
9.90196076921569
10.931372534951
12.3529411638235
11.3235293980882
10.5882352797059
7.05882351147059
2.00980389857843
1.12745095651961
7.05882351147059
11.3235293980882
11.6666666533333
-12.5988142668478
-11.1764706244118
-8.87254905348039
-0.839920974456522
-1.86274512490196
-11.1764706244118
-9.21568630872549
-12.9921260222441
-8.52941179823529
-7.89215689563725
-8.87254905348039
-5.78431375627451
-1.86274512490196
-7.20588238514706
-7.89215689563725
-7.89215689563725
-8.87254905348039
-8.23529415088235
-7.54901964039215
-12.2058823901471
-10.8333333691667
-7.20588238514706
-6.86274512990196
-7.89215689563725
-5.78431375627451
-6.51960787465686
-7.20588238514706
-6.51960787465686
-6.51960787465686
-6.51960787465686
-6.51960787465686
-7.54901964039215
-6.51960787465686
-7.20588238514706
-7.89215689563725
-9.55882356397059
-8.87254905348039
-7.54901964039215
-7.20588238514706
-7.20588238514706
-5.04901963789215
-2.89215689063725
-6.51960787465686
-6.86274512990196
-6.51960787465686
-5.78431375627451
-6.51960787465686
-5.04901963789215
-6.51960787465686
-5.04901963789215
-7.54901964039215
-7.20588238514706
-8.23529415088235
-10.1960784665686
-10.5392157218137
-8.52941179823529
-6.51960787465686
-6.51960787465686
-5.04901963789215
-6.51960787465686
-7.20588238514706
-6.51960787465686
-5.78431375627451
-5.04901963789215
-5.78431375627451
-5.78431375627451
-5.04901963789215
-2.89215689063725
-6.51960787465686
-6.86274512990196
-7.54901964039215
-8.52941179823529
-8.87254905348039
-8.87254905348039
-7.89215689563725
-7.89215689563725
-7.20588238514706
-3.9705882642647
-5.04901963789215
-5.78431375627451
-5.04901963789215
-6.86274512990196
-5.04901963789215
-5.78431375627451
-3.9705882642647
-1.86274512490196
-1.86274512490196
-1.86274512490196
-5.78431375627451
-8.52941179823529
-5.78431375627451
-5.04901963789215
-5.78431375627451
-5.04901963789215
-3.9705882642647
-3.9705882642647
-1.86274512490196
-6.51960787465686
-5.78431375627451
-5.04901963789215
-5.04901963789215
-1.86274512490196
-1.86274512490196
-1.86274512490196
-7.20588238514706
-7.89215689563725
-7.89215689563725
-7.54901964039215
-8.23529415088235
-7.20588238514706
-0.839920974456522
-7.89215689563725
-5.78431375627451
-2.89215689063725
-1.86274512490196
-1.86274512490196
-3.9705882642647
-1.86274512490196
-3.9705882642647
-6.51960787465686
-5.04901963789215
-2.89215689063725
-0.839920974456522
-1.86274512490196
-0.839920974456522
-7.54901964039215
-6.51960787465686
-7.20588238514706
-7.89215689563725
-7.20588238514706
-7.54901964039215
-7.20588238514706
-6.51960787465686
-7.20588238514706
-5.04901963789215
-8.52941179823529
-1.86274512490196
-1.86274512490196
-1.86274512490196
-1.86274512490196
-1.86274512490196
-5.04901963789215
-2.89215689063725
-3.9705882642647
-1.86274512490196
-1.86274512490196
-5.04901963789215
-5.04901963789215
-5.04901963789215
-6.51960787465686
-5.78431375627451
-5.04901963789215
-7.20588238514706
-6.86274512990196
-7.20588238514706
-6.86274512990196
-6.51960787465686
-6.51960787465686
-6.51960787465686
-1.86274512490196
-0.839920974456522
-1.86274512490196
-1.86274512490196
-1.86274512490196
-0.839920974456522
-3.9705882642647
-2.89215689063725
-1.86274512490196
-1.86274512490196
-1.86274512490196
-0.839920974456522
-1.86274512490196
-0.839920974456522
-2.89215689063725
-5.04901963789215
-2.89215689063725
-1.86274512490196
-5.04901963789215
-5.04901963789215
-5.78431375627451
-5.78431375627451
-5.78431375627451
-6.51960787465686
-6.51960787465686
-5.78431375627451
-0.839920974456522
-0.839920974456522
-0.839920974456522
-0.839920974456522
-0.839920974456522
-0.839920974456522
-1.86274512490196
-1.86274512490196
-0.839920974456522
-0.839920974456522
-5.04901963789215
-5.04901963789215
-5.04901963789215
-5.04901963789215
-3.9705882642647
-6.51960787465686
-5.04901963789215
-1.86274512490196
0.151821837500005
0.151821837500005
0.151821837500005
0.151821837500005
-0.839920974456522
-0.839920974456522
-0.839920974456522
-0.839920974456522
-0.839920974456522
-2.89215689063725
-1.86274512490196
-3.9705882642647
-3.9705882642647
-5.04901963789215
-3.9705882642647
-5.04901963789215
0.151821837500005
2.00980389857843
1.12745095651961
1.12745095651961
0.151821837500005
0.151821837500005
-0.839920974456522
-0.839920974456522
-5.04901963789215
-5.78431375627451
-2.89215689063725
-1.86274512490196
-2.89215689063725
-5.04901963789215
-5.04901963789215
-5.04901963789215
-6.86274512990196
0.151821837500005
1.12745095651961
1.12745095651961
2.00980389857843
1.12745095651961
1.12745095651961
0.151821837500005
-0.839920974456522
-1.86274512490196
-5.04901963789215
-5.78431375627451
-2.89215689063725
-2.89215689063725
-5.04901963789215
-5.04901963789215
-3.9705882642647
-5.78431375627451
1.12745095651961
1.12745095651961
2.94117644852941
2.05882350647059
2.05882350647059
1.12745095651961
0.151821837500005
0.151821837500005
-0.839920974456522
-2.89215689063725
-5.04901963789215
-6.51960787465686
-5.04901963789215
-5.04901963789215
-3.9705882642647
-3.9705882642647
-2.89215689063725
2.05882350647059
2.05882350647059
2.94117644852941
0.151821837500005
0.151821837500005
3.82352939058824
2.05882350647059
1.12745095651961
1.12745095651961
-2.89215689063725
-2.89215689063725
-5.04901963789215
-5.04901963789215
-1.86274512490196
-3.9705882642647
-2.89215689063725
-2.89215689063725
1.12745095651961
2.00980389857843
1.12745095651961
2.94117644852941
2.94117644852941
4.70588233264706
2.94117644852941
1.12745095651961
-0.839920974456522
-1.86274512490196
-1.86274512490196
-2.89215689063725
-5.04901963789215
-5.04901963789215
-5.04901963789215
-1.86274512490196
-1.86274512490196
3.82352939058824
2.94117644852941
2.05882350647059
2.05882350647059
1.12745095651961
3.82352939058824
4.70588233264706
1.12745095651961
0.151821837500005
-0.839920974456522
-1.86274512490196
-2.89215689063725
-2.89215689063725
-1.86274512490196
-2.89215689063725
-1.86274512490196
-1.86274512490196
4.70588233264706
3.82352939058824
2.00980389857843
2.94117644852941
2.05882350647059
0.151821837500005
0.151821837500005
2.94117644852941
1.12745095651961
-0.839920974456522
-0.839920974456522
-0.839920974456522
-1.86274512490196
-1.86274512490196
-2.89215689063725
-1.86274512490196
-1.86274512490196
-2.89215689063725
-0.839920974456522
4.70588233264706
4.70588233264706
2.94117644852941
2.94117644852941
2.05882350647059
2.94117644852941
1.12745095651961
2.00980389857843
-0.839920974456522
-0.839920974456522
-0.839920974456522
-0.839920974456522
-0.839920974456522
-0.839920974456522
-0.839920974456522
-0.839920974456522
-1.86274512490196
3.82352939058824
3.82352939058824
3.82352939058824
3.82352939058824
4.70588233264706
2.05882350647059
0.151821837500005
-0.839920974456522
-0.839920974456522
0.151821837500005
0.151821837500005
-0.839920974456522
-0.839920974456522
-0.839920974456522
0.151821837500005
-0.839920974456522
-0.839920974456522
0.151821837500005
5.63725488259804
5.63725488259804
6.32352939308823
4.70588233264706
4.70588233264706
5.63725488259804
2.94117644852941
3.82352939058824
2.00980389857843
0.151821837500005
2.94117644852941
2.00980389857843
1.12745095651961
0.151821837500005
0.151821837500005
0.151821837500005
0.151821837500005
1.12745095651961
1.12745095651961
2.05882350647059
-0.839920974456522
0.151821837500005
0.151821837500005
0.151821837500005
0.151821837500005
2.00980389857843
4.70588233264706
6.32352939308823
3.82352939058824
4.70588233264706
6.32352939308823
6.32352939308823
5.63725488259804
4.70588233264706
4.70588233264706
4.70588233264706
2.94117644852941
2.94117644852941
2.94117644852941
-0.839920974456522
1.12745095651961
2.05882350647059
2.05882350647059
2.00980389857843
0.151821837500005
0.151821837500005
1.12745095651961
1.12745095651961
0.151821837500005
3.82352939058824
2.00980389857843
6.66666664833334
8.13725488509805
4.70588233264706
6.66666664833334
6.66666664833334
5.63725488259804
6.66666664833334
6.32352939308823
5.63725488259804
2.94117644852941
0.151821837500005
2.00980389857843
2.00980389857843
2.94117644852941
3.82352939058824
0.151821837500005
0.151821837500005
1.12745095651961
2.05882350647059
2.05882350647059
2.94117644852941
1.12745095651961
4.70588233264706
2.00980389857843
-0.839920974456522
2.00980389857843
6.66666664833334
7.05882351147059
6.32352939308823
4.70588233264706
1.12745095651961
2.00980389857843
2.00980389857843
2.94117644852941
2.94117644852941
3.82352939058824
3.82352939058824
2.05882350647059
2.05882350647059
2.94117644852941
2.05882350647059
2.94117644852941
2.94117644852941
4.70588233264706
7.05882351147059
2.94117644852941
0.151821837500005
0.151821837500005
2.00980389857843
2.94117644852941
2.94117644852941
2.94117644852941
2.94117644852941
3.82352939058824
3.82352939058824
0.151821837500005
-0.839920974456522
2.00980389857843
2.94117644852941
2.94117644852941
4.70588233264706
7.05882351147059
6.66666664833334
7.05882351147059
6.66666664833334
5.63725488259804
4.70588233264706
5.63725488259804
3.82352939058824
3.82352939058824
2.94117644852941
3.82352939058824
3.82352939058824
2.94117644852941
2.94117644852941
5.63725488259804
2.00980389857843
2.94117644852941
2.94117644852941
3.82352939058824
5.63725488259804
6.66666664833334
7.05882351147059
7.05882351147059
6.66666664833334
5.63725488259804
4.70588233264706
6.32352939308823
3.82352939058824
4.70588233264706
5.63725488259804
4.70588233264706
2.94117644852941
5.63725488259804
2.94117644852941
2.94117644852941
4.70588233264706
7.05882351147059
5.63725488259804
8.48039214034314
10.931372534951
7.05882351147059
8.48039214034314
6.66666664833334
4.70588233264706
3.82352939058824
3.82352939058824
5.63725488259804
4.70588233264706
5.63725488259804
2.00980389857843
4.70588233264706
4.70588233264706
6.32352939308823
7.74509802196079
10.9803921428431
11.6666666533333
7.74509802196079
7.74509802196079
7.74509802196079
6.66666664833334
2.00980389857843
2.94117644852941
5.63725488259804
6.66666664833334
9.16666665083333
8.48039214034314
12.3529411638235
8.48039214034314
0.151821837500005
0.151821837500005
6.66666664833334
7.74509802196079
11.6666666533333
-8.52941179823529
-8.52941179823529
-8.52941179823529
-7.20588238514706
-5.04901963789215
-7.20588238514706
-8.52941179823529
-6.51960787465686
-6.51960787465686
-0.839920974456522
-7.20588238514706
-6.86274512990196
-0.839920974456522
-1.86274512490196
-2.89215689063725
-0.839920974456522
-1.86274512490196
-0.839920974456522
-1.86274512490196
-0.839920974456522
0.151821837500005
0.151821837500005
1.12745095651961
0.151821837500005
-0.839920974456522
2.00980389857843
0.151821837500005
2.94117644852941
0.151821837500005
-0.839920974456522
25
2.00980389857843
0.151821837500005
5.63725488259804
0.151821837500005
-0.839920974456522
0.151821837500005
