6.47939840542265
7.79545828915829
7.59559777111906
6.25856123628846
3.48235204278662
7.15077830122759
10.9233081622361
12.736085301234
12.4726407260849
10.8493054647086
7.13162974091003
4.78341655990647
0.0617095237475693
2.61927742782101
5.6335561356632
8.64518573197894
10.8515063954682
11.0587900353615
9.06368076978121
5.77341699103763
2.22405338096267
1.44094268563397
-3.18785436251678
-3.46227026326591
-0.349217273079075
2.76971639921626
6.30445608785312
9.07037477520994
9.32568432601177
6.79381521655718
3.24187221238393
0.302490642491199
-2.5152314271025
-1.07024642221026
-7.43542654255461
-6.02259564158671
-3.44787192819511
-0.325730340724858
3.4178165430779
7.32582020978361
7.84924643438651
4.15252690036757
0.307446312833601
-2.87527881301771
-5.65593662108498
-4.6754225559877
-7.3266707762732
-10.7812012239142
-8.7571934170962
-6.92922856973549
-4.42787644816627
-0.831742294610279
5.50301531473711
5.57344805988235
0.795982082469679
-3.39794640625367
-5.8191157328147
-8.18740894329612
-9.69188968511195
0.219103927137678
-8.46968908376595
-12.0566101857859
-10.69536320092
-9.30904805406488
-7.86133183212796
-5.81117178287526
-0.467889220502379
0.284989089781862
-3.80852887517927
-6.83010792911965
-8.30882795318278
-9.92194290901674
-10.3249809341545
-1.96325050464812
-6.4696004267514
-11.5785283713249
-10.4112481578649
-8.47355330505137
-7.04811654212023
-4.93250293001718
1.04422173360271
-0.705595973476981
-4.86283328866269
-7.49443288520784
-8.66417723731129
-10.4676094437164
-11.2334126460578
-2.08151620322691
-6.44914819283574
-9.77451315604751
-7.8488582730274
-5.41479210211707
-2.72664427379447
0.848265630785843
5.21310747662903
3.18347353153339
-1.26011142288255
-4.61497200512307
-6.81467437463776
-9.09397048759926
-7.98735454254527
-0.348262728819919
-6.83973738332128
-4.95340676424801
-2.33613338616449
0.676148439803924
4.40591063522769
7.48640127459205
6.40534527181827
2.52695059712404
-0.583075235948332
-3.66104221070201
-6.39682435433269
-5.78325442496332
-3.76601958881613
-1.88855948065112
0.910035954152526
3.5478881545575
6.69456127812081
8.98327218773393
8.11164250410568
5.01764742628296
2.21177256096776
-0.570142936313473
-3.43212364170454
-0.608717166327258
-0.463614300320349
3.58106154514738
6.14383826364895
8.6398254188084
10.8546172887165
10.0324389004071
7.45094553648998
4.674017420518
1.81356058892043
-0.0222427387738189
1.57964004376677
5.67362808923411
10.7413757529521
12.2910295625831
11.8975833414708
8.84356744381784
4.55753242466835
0.580291698226687
0.749125272282507
4.66324833728435
4.66413220428019
1.05472102144995
0.87600328348179
6.45114793254208
8.78658034429859
11.2687641183733
11.4422422444016
7.27607847084862
3.88854849191254
1.55658300328817
4.94596883960954
7.57573826529553
10.9820855298173
12.3146804851975
11.2922959712665
8.59142843361811
4.58766546015268
3.0787195269012
-2.0772535399469
-1.05116794506942
2.31015967822687
5.89388698450404
8.99240821627837
10.6750634789953
9.46373756833762
6.35374012113598
3.15439284198293
0.286068840016007
0.806497336299757
-4.57587255665131
-5.75607420349634
-4.000000009
-0.584018131335879
3.0386120900885
6.45005296217884
8.9811808423093
7.37831420176515
3.15941754737286
0.280837746592614
-2.37725442454512
-3.77951591336406
0.640055411954562
-7.24637591601361
-9.04459761402957
-6.78043448274724
-3.90583447780407
-0.338991994203616
4.02626478396039
7.70549980771754
5.23961782870076
-0.0230222200568218
-3.09465718156865
-5.30956124079201
-7.4400452256418
-5.55759598008951
-10.0084582444971
-10.3128952813071
-9.41831273773478
-7.6649283829191
-5.13072456906415
-0.28766839310062
6.05719221969374
0.9433616704013
-3.86899223356227
-6.19080505870367
-8.07565709027773
-9.73644753486659
-7.13401153579293
-10.8005637982862
-10.4988577349947
-10.143674106437
-8.79953206202949
-7.51033538419262
-4.9345619493479
-0.625410054673917
-4.02504872241976
-6.77793576559085
-8.55831103599791
-9.96213600242314
-11.0295372872383
-7.78788553681
-10.219413936015
-9.60313260896998
-8.39587951346685
-6.1020215297094
-4.01382291003179
0.255439350496015
2.87166827809982
-0.725527362957094
-5.30195034463305
-7.28439114013409
-9.35061346868548
-9.55881548767741
-3.91258551125418
-7.32718324158941
-7.07867380274947
-5.06019747589961
-2.46609734119564
0.786687044563626
4.86346767222897
6.53357978246386
3.22820353625724
-1.10831706681139
-4.18012876465862
-7.16180754078619
-8.9833875381718
-4.07674883832616
-4.12384189188101
-4.21609949115541
-1.99968020971754
0.671691346547322
3.95816723541601
7.50754145525264
8.04946235003575
5.92889276349491
2.30796088080523
-0.854789944732516
-4.02941176373529
-6.23097884917983
-0.0665855070677317
-2.95032002938419
-0.047913758686593
3.79427968786376
6.4900015075547
9.37036091716639
9.79373615844517
8.20508875622472
4.79282570359288
1.80907372801255
-1.32709865771638
-2.82564260871423
-0.198753160963597
4.4738481087291
8.21440940195411
11.2424737380124
11.5779849427328
10.0830277442028
5.89962478415638
3.4776609638107
0.287309816255381
1.05730074988613
5.96221370858449
8.8497980726593
8.43926568418218
8.09694533145758
1.21542350058492
0.522371512900294
1.11703432978824
1.82103267524078
7.36659997624017
5.80475432658626
2.12621942869468
3.90283503757074
5.18092509975974
9.03930893238782
12.4779412615272
10.7437793025505
6.99338974314226
2.29235103392286
-0.871546842045385
1.83820755360622
3.46580757181893
7.29177742749745
10.7520131746504
11.3788556453886
9.66036914905396
5.64559756090368
1.96308319486761
-3.96576118850523
-3.69563627162614
-1.04400328109215
2.48683377983413
5.98456104311504
9.36332011549442
9.81643267694478
7.45538523437256
2.99179632311941
0.355033653803195
0.243751994883833
0.812943626981809
-4.78770785047196
-6.99693467409491
-3.92642372510074
-0.605247223824121
3.4178165430779
7.52963133491645
7.84924643438651
4.70940830133164
0.275263740349292
-2.69131017419322
-4.73520274707609
-4.41384377328911
-0.645288880074015
-5.1455407932799
-8.60329130367589
-7.24681821188836
-4.47015173172916
-0.30209507827807
5.50301531473711
5.57344805988235
0.795982082469679
-3.24449076058552
-5.58388679910487
-7.33834430893191
-8.81822626822558
-1.6022727194245
-7.14819743849612
-5.04805035301545
-8.3501778615537
-9.30904805406488
-7.86133183212796
-6.14251052387546
0.313698459184661
0.284989089781862
-3.59106003894461
-6.69147123142657
-8.2395822243198
-9.44506143346076
-8.7949249369528
-2.8399964843586
-7.64421753693898
-10.2873331193854
-9.98122692023485
-8.47355330505137
-6.7948232526859
-4.91058069492172
1.04422173360271
-0.741517223102428
-5.21126700024525
-7.49443288520784
-8.66417723731129
-7.65127762653145
-0.246007922414558
-4.76499589682191
-5.78526529377365
-8.73643751995053
-7.45133321330636
-5.26133645644892
-2.52662686535121
0.393212522534087
5.21310747662903
3.54722093828278
-1.87464852099884
-4.61497200512307
-7.17283197737877
-7.3358947053849
-1.04077381060057
0.614708632204032
-5.10788081078077
-4.52299221003799
-1.87574022452356
0.676148439803924
4.40591063522769
7.60145775608122
6.07358719525214
2.34167202537084
-1.13764457178678
-4.16835344458177
-6.1556147436812
-1.34716450244347
-1.44802346342059
-3.06706229150273
-0.117552576916111
3.07691949023224
6.94126626828647
9.14829656202785
8.11164250410568
4.87277297640586
1.70269237304352
-1.6099817908226
-4.09358896939706
-1.084537729387
-0.362289955985778
4.70378757696123
9.41852649047182
10.981281175302
10.2404056049812
6.67124722784385
2.75682244208698
1.08722895277601
-2.05003910755663
2.32132544911812
7.03086311476283
10.7210834813219
10.2387363412824
6.86663967442639
1.03589513817241
1.76602423704115
0.0700414556653359
1.81132270813251
2.94503026872013
-0.605725072065696
0.736820099201506
0.864075993829999
0.547406674135735
4.30405577606877
1.23256570775569
1.89035595000555
7.89995540985836
6.67960788201686
5.64811758808038
1.07484980323128
3.44086426409008
1.09822148220579
5.40403374359089
10.3510168538151
11.6773888212461
9.34803376308354
5.49963058059849
3.0787195269012
-2.77312351646546
-1.09783617712371
1.36591344694646
3.45617071909054
8.03251990802256
10.7869574202543
10.0166153122908
6.84623097955621
-35.206019945444
1.17482837024824
-4.0226660478193
-4.13725491109804
-1.31404079589681
2.74849334856227
6.78042152764757
9.39553850148827
8.05598727239728
3.85039121145202
0.0423258818053371
0.814148118886207
0.762142374603946
-0.544964442773735
-2.02875714332005
-6.88655999662271
-4.38128291468578
-0.584927362898754
4.02626478396039
7.70549980771754
5.50082066739797
-0.0230222200568218
-2.77570922340205
-4.95067719573477
-5.45946734282064
-1.99143083460656
-4.90585111063061
-7.34744490153362
-1.50940041875953
-8.46156373468939
-7.97819285772851
-5.44100596776767
-1.07298211149582
6.05719221969374
1.36837442140009
-3.86899223356227
-6.01462287393151
-7.48709903544294
-8.60980876944823
-7.71601214979458
-6.53654542226257
-10.139442731904
-7.82399928114931
-9.12924224909786
-8.75233083724263
-7.42931379584436
-4.9345619493479
-0.625410054673917
-4.02504872241976
-6.84796035639052
-8.26375089313871
-6.76564451657088
-5.71830387789962
-9.96901516292652
-0.169283458258255
-2.82634819468154
-8.46768021453293
-8.77584997406973
-7.5988883067282
-5.7935196466959
-3.53877354740774
0.255439350496015
2.70450283872548
-2.00699744235397
-5.32465888432947
-7.28439114013409
-6.27745692654206
-5.69589370701868
-5.39751731956563
-5.37214955359259
-4.76154814829216
-2.0870181944746
0.786687044563626
5.23955304831443
6.53357978246386
3.22820353625724
-1.3537244404297
-4.98436646745809
-5.80653402934426
0.518374739541903
-1.47404614099346
-2.57917530871431
0.1954010939687
4.12841098894399
7.76093512066441
8.33600022537678
5.56242698472493
1.83016577180773
-1.8558657807159
-3.37254901798039
-0.0511926292757808
0.368369695044752
-1.18470737760146
-0.3439139964226
6.36429768743601
9.56396737527514
9.74890276789896
6.29366958341075
1.22103560972939
0.745517971082251
-0.823573267642318
-0.0239610349474061
-1.18709343986287
1.49352056506815
4.68750571628855
8.71713988524142
8.92910399608258
7.00975510659785
1.0635837504656
1.05869378391771
2.49091559216263
0.805869003264244
4.86902422450896
5.87500657921389
3.68323978262156
1.21542350058492
3.23593746122821
-0.816107468635378
-0.689314454898801
1.82694145232778
0.915769672875613
0.793899057427829
4.16002741931664
6.04680828266101
3.8782588244905
2.51223762534535
4.76395877962619
4.22335766119417
5.11531608004032
7.44889625614208
7.86863706628735
4.81808172889516
3.57152872997772
-0.116373838292452
0.00686594098152504
1.13255132241907
2.39538209762286
6.37599778444339
9.21934855645375
9.80236165521481
6.62542829776645
3.53436501054379
2.32158253645784
1.46540938970315
-1.25034119883369
-0.261220770751578
-1.13670379845078
-0.852194390657933
0.907757665671181
4.34620731718566
9.00478999753431
10.025638713564
7.09589304520463
1.35505420583119
1.76513469908659
0.812943626981809
1.12687223676759
-5.81492790343699
-1.36240782387839
-0.741257939197516
-3.72496007355893
-1.0562011285576
2.95146026844021
7.52963133491645
8.4612236200611
4.67053645847223
0.703908216416912
-0.126373559336266
-0.175377847222579
1.07057694919874
-1.67894888711787
-7.54098218844796
-5.39800998317708
-6.30023609664052
-4.42787644816627
-0.831742294610279
5.2690707031301
6.32716854276197
0.795982082469679
-3.09103511491737
-5.1439215712402
-4.60770432781253
-3.41557203506622
-1.82038384516472
-8.57881924338199
-7.94929668852999
-1.86892194318828
-8.20537500206532
-8.01520753988696
-6.14251052387546
0.313698459184661
0.767278261881752
-3.59106003894461
-6.59694621027219
-7.82872423306609
-7.23954961466806
-8.40736797609078
-2.8399964843586
-6.4696004267514
-9.43403344880042
-8.06952044835939
-8.1325124611381
-6.55486118901128
-4.93250293001718
1.04422173360271
-0.741517223102428
-5.85228296598014
-7.96595001582443
-5.69755778236671
-2.24604009992253
-8.75346828636279
-7.20570732301865
-6.00591445162913
-5.89529134633939
-4.93250293001718
-2.52662686535121
1.38732854363792
5.21310747662903
3.18347353153339
-2.73541428805736
-5.70248806870819
-5.87572065934379
-3.90629250714172
-6.67410537543443
-1.09987899068264
-0.99427221205008
-2.66854303997818
0.311531183618831
4.72975254265068
7.71301792841015
5.84824208664118
1.70098183817387
-1.62289274064543
-4.66812502105779
-2.17656652562356
-3.86444276406182
-1.14781623859204
-0.894658199459512
-1.32186427251004
1.25259378237379
7.36382763605741
8.88623169968125
7.2279351071876
1.81762648929182
0.753633019521996
-1.72033203660724
-2.14546921759706
-0.535133967111577
-0.234297145373723
0.967475475923786
2.40886673916129
6.11643572433534
6.95754683243774
7.45919184600888
1.96481085838077
0.0904612232269056
2.41768952150859
-0.468547839692343
-2.37597285016813
0.588911073832306
3.21022416977406
5.08420719448851
3.5378332085157
3.08230871346739
4.46007230987318
0.849207366603614
-0.876920261910926
1.92948424334986
5.51196600745992
3.25375815957993
-0.872188653129922
4.83414729877019
6.5911545436905
5.27252185729321
2.02029672847589
0.32702935918621
5.0223554701594
8.05637853986593
8.03614897113956
5.29470948221298
5.06401042776886
1.11647468712911
1.15507593329519
0.116544712067561
3.30560856127274
6.0330847156393
6.35571086014881
2.95411457224363
-2.67836290420337
0.00615446471137826
2.3865470432624
4.57007951222931
1.53474958688069
5.8167295618105
6.81208263074863
5.45365269062227
3.46303418239028
2.76404931260865
1.55840187831752
-4.75564075230393
-4.68754536329145
-0.927555317872769
0.0172174062316883
0.684758722854863
3.14475203365802
7.29281480002832
9.68010713761275
6.84623097955621
5.08482444793069
3.61952322734546
0.544736117314336
-0.015448486141489
0.608489112354995
-6.24222563208804
-6.26172033647625
-1.1728780243251
-1.19607843756863
-1.56740160300913
1.48113253031608
5.50614277512535
8.83534067241193
8.11833954853173
2.19663233695377
0.401346270250117
0.0506455263779042
-0.0104450990426073
-7.06376210308794
-7.87081780240689
-2.39659571429125
-1.3071576320501
-4.33308076901113
-1.0701511984324
4.02626478396039
7.81614288148416
5.52749670198832
1.2568446383355
-0.810963277357055
-0.673441605164332
0.0619779808495723
1.00417635065306
-4.90585111063061
-9.28177150880568
-6.61632241995296
-7.32151010839541
-5.90150296425622
-1.57692674362108
6.05719221969374
2.12839722318617
-2.03997628191836
-4.76950340003752
-6.81446125848889
-5.52760048717652
0.932601909568966
-0.0644117280988151
-0.855915047203527
-7.15151346511708
-8.74879293090467
-7.77000667913077
-8.40968490916024
-7.35603837237072
-5.6572620875223
-0.625410054673917
-4.02504872241976
-6.921319451514
-7.97301620668028
-4.88309123864147
-8.643651898709
-3.89236194111687
-1.16133127507345
-0.953448469112823
-1.79764740557628
-6.45042105495932
-6.53088304905364
-5.1587021236445
-3.0373325535268
0.871293210933889
2.70450283872548
-2.00699744235397
-6.18537689500911
-5.58913824287832
-6.12877928299015
-7.95492272071885
-2.11712285415145
-0.267002667074946
-1.75543050656172
-1.73031472290625
-1.96199138743058
-2.25920066404753
0.926542525413576
5.59854363457782
6.44731291915895
1.36175837789518
-2.37598957144362
-4.41281730159507
-2.56904671744507
-8.28750140029189
-6.62826906684007
-3.34508644311318
-2.83711410818877
-0.454652315015821
1.62947589251541
7.300037535265
6.52281339903178
2.85756052237506
-0.682564447606354
-2.83729127313582
-1.64034006484679
-7.3557798598526
-6.44437169486874
-1.85707946733607
-1.70185137872646
-0.31519525851506
0.747889628483565
3.02759039166438
7.35367344405982
7.63381965532084
3.81178872078707
1.17407270126369
-0.265187389835238
-1.47616256598267
-4.42217379653817
-2.16070133501979
-0.828216616416834
-3.53334832503549e-08
1.53832618306899
3.57113426387423
5.67874287141471
0.985162438957851
1.50128374173551
3.51176477716766
1.22969250345229
-0.694235828683682
-2.16545400559496
2.90297672961355
5.64204537859886
4.51646723866599
0.930082370719285
6.54598339289993
-1.1817233606102
1.42383505546039
-1.0883624827803
-0.0578226284969994
6.84880323882403
6.58182156029079
6.85936442177147
2.22005982494139
-0.298802766116774
1.13366209787509
2.11033147682842
2.05447930086391
1.09330922100455
1.13659159493078
1.36387134972572
1.58847360217438
1.80205054982068
1.03997242326417
2.041115152346
0.574455107590995
0.331941763966513
1.6267170983797
1.30119381484526
1.83138669879161
8.98281460950344
8.52564010027799
8.0726695767696
6.04302075123189
3.87210289609838
2.01201103313335
-0.574542912912148
-1.03729089501457
0.147368066482612
0.936363100195676
2.52352370754583
8.25643072310319
10.1338836881437
9.8733994359379
8.97070053391833
6.20103419530411
4.70618485080301
4.50455862197869
1.94245569546112
0.0104122483849614
-1.95724380901247
-0.436252231724999
0.357973005013229
1.11703432978824
6.28654791363206
7.57569414596334
8.27970387071391
6.77954709183758
5.37532068994978
2.92175395112186
1.99692964004526
1.18610326700453
2.62115344569037
1.83313745586064
-0.250917121725675
-0.180966400199481
-4.14361510013289
-2.20891136850589
-1.7111519263482
3.70502068822272
5.6341113631069
4.81879970752475
0.941789947291621
2.00980539516232
1.5255713593214
1.15543780658366
-1.25998713721376
-2.05454373326543
-5.85190339150377
-4.07402521650419
-0.712187327112308
0.358214809188885
2.71616106708879
3.88585281921115
0.962695784971431
6.37809457099786
6.11091773352618
5.4245099226549
3.20222238728172
1.61718026758283
1.86455930822524
1.12687223676759
-1.46786527328378
-1.78417776268876
-1.34267280189103
-7.56525941629351
-5.67598348182155
-1.48287036192262
0.547067246928079
1.06267907546042
0.761656179220973
3.0028083866828
8.44904513292563
5.43729926756717
2.88593720802783
1.46718299976957
-1.12993110509399
-2.34567912167209
-0.905124939438135
1.08563629013805
-1.843174630726
-0.579338572004379
-8.04459872552515
-6.96260257876761
-1.23177051594129
-0.196958470167523
-1.97897953196263
2.0744184290531
3.57238486977363
4.04513272068867
3.70936183915184
0.697251365159848
-0.514411737589279
-3.79236658126997
-3.28832256314575
-1.33104381731033
1.01407144470552
-2.88396874108913
-0.69418485632975
-6.40669940993839
-8.25876773679877
-3.83375249927399
-4.04556084029319
-2.67046818637098
1.63618324582969
2.04029046689422
0.915661652708761
0.284989089781862
-0.420673934050799
0.368328878906911
-1.44699427263383
-3.63628498923285
-3.00410877296444
-0.859914699007463
-2.89582059544991
-1.86748760749701
-0.798733276573535
-1.8132867224068
-7.94929668852999
-8.03316879678471
-1.76377014439777
-5.59212215182757
-1.5803388735617
-0.574542912912148
0.697251365159848
0.226925026841644
-1.80227704200366
-3.33104927263229
-6.55517009249612
-1.01116741514372
-3.63929044821581
-3.6174817491951
-1.90420853797694
-2.80651006437188
-4.94558292232519
-4.92912889829112
-3.80381625708689
-6.96093358804716
-4.56542927533584
-2.74186075886711
-1.59819309979106
-0.214127690637412
-0.682779204857325
-1.35306488332332
-2.19822360589799
-1.43274924905436
-7.68395738523185
-6.95142185536559
-1.28014262933811
-4.1087310694624
-1.24947192278085
-2.65072917528382
-5.27186805530752
-6.12045099556384
-2.51214195298963
-1.68471523845992
-1.12687223676759
-2.26148995572068
-0.267197885851791
0.959015439663991
0.0804704223082812
-1.39402131463282
-2.15290595593081
-3.39215627984666
-8.243851966349
-4.15803233567974
-2.36985845134032
-1.42385686557823
-1.03793820496228
-5.04780365261825
-4.82109650105184
-4.19036643169601
-3.20064635747666
-0.635386789428681
1.02799043164634
1.13737327857377
1.0512882778532
-0.136234251479657
-1.32098934052777
-1.39461968923575
-7.18617712349777
-7.88732426608151
-1.62129516160199
-0.367805978633485
-1.10697395894931
-3.28833529785845
-2.64926518668352
-1.45377194393166
-0.0956012957050643
1.55109578909452
4.64719378238547
6.33116249706032
0.0825090116024182
0.58010650357697
-0.890755371164339
-0.00146056825710981
-1.49423076453722
-5.91444234893861
-7.37439108420349
-2.57395134717051
0.49030507534205
-1.4480080087724
0.601385722081746
1.46669283972988
2.29925556368404
4.22707788441926
3.45618697259832
0.127530016552777
2.48414354877786
1.69976700818742
-1.32194661110205
-4.71196298865463
-6.10286790333275
-0.529816143439583
-0.608886473506455
-0.242945769309854
1.13391497891082
5.12436438600187
4.75971607904207
0.925675375734977
-2.00231952355662
-3.70865571268001
-3.58267091523898
-7.3503579263047
-0.518672401340052
0.213515460137506
0.358194245917343
2.0137538396859
1.42696276314048
2.8292446364578
6.75912859740322
7.9095435549775
7.77181891457414
4.51462724682302
-0.415498344279577
-1.44592290424515
-1.49937228619289
-1.31950718002165
-0.416747988498981
1.93931729038583
4.50259750994827
6.54162617826683
8.44589813005509
9.5298532109064
9.38052522639873
5.34579451377763
-0.51249476227919
0.0705708175589253
-0.117110535009305
-0.296736730350217
-0.078464915826513
-0.30935951234317
1.46971003786805
3.27300149012795
4.58687262401621
3.94862846973932
3.86031075254133
-0.662182640025214
0.74030381543193
0.226911059418148
-0.40487532665822
-0.23918574131358
-0.128120706566924
0.901996589302566
1.1135122298396
-0.681462035545074
0.105299220925109
-0.483553300888194
5.54698996881367
4.42571288328353
5.51813700351675
0.904843892745609
7.2511730989298
6.34133223465964
6.296865746371
4.12827558567767
4.99787559244316
5.08769200866015
0.65682920109129
0.790088747986161
1.88944698222383
5.19096501576398
7.587312740605
7.65540247395954
6.19498628186576
6.67102626847641
5.8031162968135
2.59885903701728
2.75101399159843
3.19499998856428
4.79038165305234
1.25803925569873
0.715283194775232
5.52641800712028
6.58060990412403
6.66456365163203
6.74044834789871
5.81585544474721
4.03505109705785
5.62059620875214
5.69096833847966
5.74671338387672
4.78154863359613
1.69358184323907
2.24578590077703
3.0050523233824
3.31292527324622
1.02714908609241
0.543326858175532
1.38447894427226
5.5770050995532
7.41197771970375
7.64555633047794
6.77782067710776
6.02714966676867
5.80325602876524
5.7325897348363
5.23576668605194
5.25403227669226
4.98632106106498
4.81623913453553
3.61812500721243
-0.220780159276642
0.468214667756514
1.41987853076778
1.56639966202058
1.82950920791171
1.18714585484214
1.77360474824306
5.17670089515018
6.04171171588554
6.07661927111151
6.61155421253201
6.79802687130621
6.75974808535896
3.01162442534616
2.04034319709248
4.48750051012059
4.94686602550487
4.12304764551309
4.23367961637703
3.85563658746916
3.1312695392707
-1.56171772830622
-0.919209949504582
0.0208148307410054
-0.402854865201482
-0.478127426733385
0.868853609238811
0.387102622542895
3.88230488946096
4.86714082155648
5.5172731545113
6.02996054399439
4.02848192541091
0.935330885418182
1.18713678751797
3.12827473374533
2.77681369080005
-2.83333334116667
-1.84259332177521
-2.1774506899252
-1.01668530824799
-0.522952134545341
-0.468907813192676
0.242104004163372
1.64909766056192
3.372114174346
4.36944427924573
4.51539444823541
1.68748091929357
1.958708783502
6.77642435812625
8.05528264928405
7.92861987636249
7.22999494748412
6.89860048902671
5.14434252899515
2.0183003480205
2.6877756636859
1.76962093594802
-4.58385334028141
-0.519159851099191
-3.58372065682382
-2.60609011851421
-2.22204654053957
-2.02545214482433
-1.08859904690158
1.22639285298939
2.42951474529739
2.56525479156039
1.39930365415576
6.61862158908471
11.0641785989357
10.8499153571046
9.94336729746997
9.30706162311012
7.86071542008839
6.26397422775635
4.96345335688461
4.24310051694152
2.88530568538347
1.01576971888656
1.33345322518766
-1.1619873679839
-6.95489894586907
-4.50787862101566
-3.07113257056011
-3.42027106974547
-0.943949583390551
0.00435098778235421
-0.979500687991419
0.444521492826965
1.56256055014902
1.01945210176641
6.486257215933
9.06905645052781
9.73757091920782
9.05190769125674
8.24969491415963
7.16719031524521
5.64767440782395
5.09472314771128
3.98379513458074
3.02246787277398
2.69136100759391
1.96630127990531
0.497899271354024
-0.239465823013289
-0.451744730401954
-6.5392200008114
-6.08297142867286
-5.3325986229161
-4.01193142919227
-4.35205972962908
-0.986243515247655
-2.6127136611157
-2.38080297761334
-0.938648659971215
-0.725542205053228
4.04368044210195
6.84304705796162
7.74225062300622
6.24749136690108
3.36274513360196
2.03730712885092
2.00299968415368
2.71963813406114
3.35461020140724
3.23618617246708
2.70820931657935
0.824156875286969
0.862954689152916
0.411414012001655
-0.151079694371979
-0.643206536858938
-3.69981509527811
-7.16721628468789
-4.35064335661353
-7.26171575417122
-4.8116358276222
-5.30442683477674
-4.22621538583766
-4.78584743819085
-2.72946881533752
-0.487686012680622
0.681870590325985
3.60499015535733
5.71018586629966
1.93791234723422
2.01737519928152
2.08692719803357
1.18710796477924
1.59995282870268
-0.021917133768548
-0.506065631266029
-1.21012567870152
-1.68785411135031
-2.21955958632436
-2.33494126326198
-7.42650020159427
-8.25647522187607
-0.537968794629154
-7.16169587433179
-7.081775319373
-6.34820734020944
-5.25957562487187
-6.9337928751678
-4.72331207115054
-1.46322125364561
2.43540947239504
2.24327146186674
1.05180722546642
4.80049417562208
5.97233407610828
4.2789871034296
2.33236447099333
0.915156959389587
0.608489112354995
0.579039046764205
-1.2749027075647
-2.56992648300486
-2.12680338641315
-1.71176467659412
-2.93348040304827
-7.7784837370574
-7.75975764976675
-6.37302748807624
-8.15624692133768
-8.48260857100058
-6.54981454303365
-1.46135619833646
-4.33190777249783
-8.33803946154956
-6.06224814125002
-1.47538193940902
1.17810885421013
3.73370101620043
2.72783071528784
0.275279738761997
-1.682436067896
-3.29781284584789
-2.30468714487489
0.35505188632377
-4.03671073221972
-4.34089829706997
-4.67230540454362
-6.26368915867564
-5.62200479570273
-9.16335282420051
-7.97198524433815
-0.711136964963631
-0.699691490554045
-7.45004035377293
-8.6379516845907
-7.47530174776035
-2.84912481557453
-8.46866588944387
-7.76959665650029
-1.3071576320501
0.481331409309209
-1.79975040507454
-4.57827348028492
-5.74279576493555
-2.46321358884955
-1.67936265932443
-4.05740112322265
-5.71122696463122
-6.68764896693684
-6.13810810676877
-8.62896412176436
-7.2615652385997
-5.04798352661378
-2.89515299026858
-8.53488338659169
-8.22320369606826
-5.96799921114845
-5.74519531380433
-8.2841042726613
-4.96039855441005
0.0178012747848248
0.102594836733925
-3.99526704858283
-6.278232320715
-7.37667092237642
-2.51171865541202
-1.87547601330305
-6.1246070688917
-5.51587934539756
-6.49478698499795
-9.53746727317471
-7.19320256673293
-7.5352899349596
-5.03287519631744
-8.16230927342754
-8.13802242376256
-7.13103448723173
-1.8589438954544
-2.88600362063055
-3.92302843487589
-4.0013004839236
-2.11167815728507
-2.04816665628815
-6.7713444393341
-7.85594649495144
-6.75100012970034
-1.15229509771251
-0.162136480181963
-5.66975423961882
-5.6566161797571
-6.69488168523307
-10.009738796323
-7.42931379584436
-6.65537005867772
-5.64767765622928
-6.13239173442352
-7.34645894413536
-6.98550813463001
-5.93788755264655
-0.987238290820132
-4.25041401908263
-4.45157417512938
-7.98255438462443
-3.23156587788315
-5.21172962647508
-7.72177022759877
-7.66242999494598
-2.18955604624101
-5.86699961317185
-5.76922256881043
-6.44603815493968
-7.17462437249098
-6.81060038303614
-5.51764261654189
-1.80536010019892
-1.79725431859161
-1.99946095102329
-5.8831091671935
-6.06346448894618
-5.18803474193922
-3.40524621978419
-1.23911744934016
-6.80900062321659
-1.38632617562708
-7.62830032553559
-7.27950847377762
-2.46394042678966
-7.64072995284435
-8.61994107548863
-7.8841033903521
0.681401921488384
-3.20237743978335
-5.85258649267792
-6.86184331857647
-6.95503743101234
-6.56702484084068
-5.62788917666215
-5.97593050462654
-2.46078434718627
-1.07385045407691
-4.18517529697743
-3.59429995937829
-2.66183690359924
-0.563512720181589
0.213524294334366
1.62020099484492
-0.284899231336382
-0.52109556326592
0.00935268356204677
-0.625410054673917
-6.47264955854513
-8.40428951993984
-0.475748835674318
-2.5441123006986
-7.59339953270453
-7.22322885924105
-7.2007116026045
-2.41166789319625
-5.90687897942259
-7.08240051445078
-6.47457492477342
-6.85978586195562
-4.45517000741528
-5.17452177349494
-4.39782277395636
-3.15835479662224
-1.62003723464962
-1.42173032922202
-0.824806825112025
0.316353993957972
2.96368154448498
2.85917333043028
3.98305665964792
-0.983722273008209
1.11371795153435
0.398141091391517
-0.152262163669989
-1.39233452315745
-5.35030086484953
-6.99052345815614
-1.39624323472135
-1.38523259545946
-5.90458098201679
-6.55928820405796
-4.70452877291681
0.52468484602316
-4.75254771445432
-5.74871015523762
-4.95056699629465
-3.7203853810314
-3.19558080177053
-2.4979608405789
-1.49565523981568
-0.44709697096417
-0.376522453342215
1.93029821717903
4.87928807821843
1.30159376630017
-0.39648017856285
-3.43334950191167
-5.47187525892007
-0.828688352635231
-1.40148149647347
-4.51655806560865
-5.87176777001482
-5.47263463392678
0.447156120359816
-6.55358751718611
-6.50204944338489
-3.65935124980163
-2.71023717831639
-2.05886946833934
-1.28015624004282
-0.319612607918323
1.00971635156682
2.09662564793244
0.861686962458782
1.06758123853444
1.2682581579863
1.48111852041066
3.13945662632565
6.87654563142
6.90213789976025
5.98821912912148
1.21542350058492
-1.3309178983187
-2.33420158697051
-3.57171039074933
-0.660958117141422
-2.11179570353666
-5.17272096058305
-5.63080533882946
-6.24791007327786
-0.513651736136064
-6.41707986413886
-1.14287826757563
-1.51442893050615
-1.20010333573821
-0.756242544262846
0.532627220346718
1.84288531702278
3.12183644268385
4.84144655761018
5.39219000230506
6.44501876632203
7.98809702368953
8.71445010247258
8.95106970108308
8.29066913642107
2.56795130050913
1.01344283689405
0.482374292696929
-0.428875202164372
-2.17470767484819
-1.47584371885523
-3.75922896517252
-2.48375660077118
-5.92156118216812
-5.67490889614254
-1.15960704745015
-1.17638085064421
-0.147104111234222
0.476126029378571
2.35428264934747
4.3952158355673
5.2324337176834
7.17665781060411
8.37213746428931
9.7091319959193
10.4935380384359
7.22139814771031
2.03054468768638
1.40380176238494
1.49874142479177
1.62025349759847
0.584882637557829
-0.181186411885743
-1.88637246642378
-1.57220118213862
-3.11888682763689
-3.89479461591918
-1.32924490175634
-4.29896754455635
-1.37900621076968
-0.472795946302195
-0.429346731785821
2.66595299792855
0.700222067230536
4.60187066521886
6.21505787064784
6.70477635847104
2.0013133774268
1.78000021438292
2.61746547681959
3.63876096436826
1.49572717470343
-0.736851450751069
-0.356812253481545
-0.950335715861769
-1.29373200047291
-1.47137750600631
-2.18551076031222
-1.999999997
0.0190177401757281
-1.18764487662591
-0.368368692954764
-0.973680152111489
2.01551940424282
3.78319297445946
5.04575319918115
4.3151863873951
4.23570516208852
2.6599064556742
-0.364558792189872
0.186713202457653
-0.114956033595821
-0.449796802242899
-0.676547588695482
-1.15438684011989
0.299838077795645
1.20958841160744
1.47518745652796
-1.15441271881537
3.31521542990105
5.38681634963455
3.34817414904077
5.50447282435669
5.74488690890094
4.84115571018196
5.58360018209844
5.19574998284806
4.61967427710329
4.56892306169738
0.346619430906965
0.779797264389922
1.13790183039822
0.626884955746933
0.760445518912026
-0.332816463461594
1.48214706827609
3.79507150819547
2.69400181752102
4.65969995751422
4.55851550507574
5.12953754872663
4.39706994217985
5.59864133504701
3.8252429123867
5.60341258799667
5.32087974488731
3.23831263393835
0.108147825240593
2.01070983139178
1.28294671607392
2.51152647538284
2.12154717697271
1.49759111598627
3.15804734920849
4.09795332188498
4.61860544682929
3.78187438052867
3.15611095408011
5.54526903890595
6.75797719636704
3.88493697135431
6.62116817493597
3.62060803488089
-0.689814741386422
3.31947814574653
3.51177298204524
4.02317670377592
2.98981366102449
2.87576091598113
4.66265324956784
5.38422805960994
3.2095650476154
3.58775848909171
3.81212231828409
7.16378324588189
7.67781689386205
1.90734316618828
3.28603419197062
4.78699647574183
4.63427450843053
3.90333485580191
6.21710692433332
6.40033430239607
0.107320053488548
0.14980453580707
1.91450454289788
6.17479996879474
5.73257424536825
14.9476469318923
14.3818090637373
8.13812159290557
8.76520914274008
8.50237128468051
6.87727834142567
7.33823759648989
9.03007758289741
11.3410613790077
11.3052871628548
10.4094677122056
10.037192338412
5.22009063330853
6.17449707016875
6.7949963752721
7.09006597176016
4.92127445286831
4.74494243662688
7.76021316176115
9.88709334142443
10.4118096910875
10.3629939715526
9.52455858479094
9.55113434172834
8.19129979412467
8.11761737783533
6.98758339529335
3.34474607102627
4.38338723301715
4.48312809921615
4.78972159066487
2.11883178490749
5.35037352870916
8.37478279206372
8.36857207044743
9.1856616102017
8.99118761939534
8.44311452930279
8.12703303350739
7.89133902753798
7.7135463956383
6.99950874826014
6.13849037680969
5.67288080193645
0.514923422406419
1.28749906615486
1.99898925170335
2.66276937961985
3.20371912135335
2.43856122329443
4.44017128667857
7.00180633531259
7.61497933614072
8.35416960989309
8.18799269137843
8.3932458282376
8.1089922793575
7.7638445097854
7.23361716570091
7.11622440437373
6.29853433401616
5.47973830872054
4.58119597625929
3.91033879910017
-1.35508075908149
-0.658829697316259
0.440189216187041
1.08850598503907
1.53749827415491
1.55110224644512
3.51933347702091
5.47780576096597
6.06660915179034
6.97536209394915
6.71357708849217
6.77267794910579
6.00974457927554
4.31220744440781
3.00610559769383
2.04334460195309
2.03685030780887
4.15595384510675
4.55783934015949
4.48545809702822
3.2558351811057
2.71479496149468
-2.90908152393431
-1.24144637577348
-0.904742533629189
0.149577932791262
0.124798812078907
-0.336370076411209
3.31969242398532
4.60346782480534
5.60923269079357
5.89952547149818
4.95367395384315
1.99661432179314
2.99830550855646
4.88837383717696
5.48771172621872
4.61335586935431
2.77653520121062
0.331061766737603
-2.55822759952128
-4.1217293984701
-2.52003398644242
-1.77217346156225
-0.97761245804707
-1.14581360541195
0.933551500916218
2.64927098432324
3.80076892914167
4.55417830829995
2.41281401519245
1.92640027722842
8.18940066022006
9.99029167398676
10.8072869742998
9.85254702741027
8.31174072743952
7.16105000994581
5.75394269731945
4.25938954131198
2.73020006971539
0.397041828959707
-0.884663040343815
-5.77058758990171
-4.00983778825411
-5.56031145676484
-4.63657125424478
-3.06119340657232
-3.22041567441141
-0.716719283208823
-0.467889220502379
-0.196368493402056
1.59169016155465
2.85563363945801
1.89644438719511
4.92687011065196
9.48323305181069
9.44779386759992
9.69752165696003
9.06909989446106
7.10406391125032
6.59148933974858
5.45671281009925
3.83436465486098
2.57404668169619
0.865384978485306
0.0836426306157314
0.595489380957889
-4.67112974680854
-7.33523674513777
-4.93864234937787
-7.121515435091
-5.74273983558363
-4.88689696058322
-4.04616056448329
-3.50536557357258
-1.11982200534282
0.171944112370281
0.516822125227977
2.25332566767427
7.86986965694183
8.47843824774643
8.59794070222
8.3945650952803
7.46034108509803
6.29164382561205
4.8646064819304
3.93465887214445
2.97046678609625
1.22743470623373
-0.0448183159112538
-1.05998520464151
-2.10960658347548
-2.43336806205389
-1.83708897539315
-13.0748730649067
-7.5997366874332
-5.64353781127881
-8.85599773424834
-7.48659314919771
-6.12470902926594
-3.78874787558367
-3.88206292695728
-2.89889105048385
-1.84934387062549
0.607491271165032
4.71482881515809
5.45139581221594
3.10937815403866
3.32045524158606
1.88721884120975
2.3589427531149
2.06954643090552
0.517632855448541
-0.474815756020212
-2.12645677071759
-3.13755727909736
-4.18774470529793
-6.2279535806457
-13.6445360484713
-5.93549175720795
-2.44661388739341
-8.97521113444549
-7.91648036366806
-6.79292902272042
-4.73342665962942
-5.43603696022789
-5.67653947727982
-3.25858341183012
0.776046026607763
0.956617294633324
1.73017026998465
2.02560620626331
4.95023319220943
3.31345336647633
1.00938680913017
0.767278261881752
-0.821010199450845
-2.50839419946524
-3.98558370041041
-5.57664874032192
-7.48013393187742
-8.94768863031761
-13.2867541917066
-7.02471392188738
-9.07785559369579
-9.11252091324663
-7.80721356988224
-5.42071274816397
-6.57391503980401
-6.22247125468653
-3.46676494089272
3.76974489306253
2.86599651247127
1.02539030040934
-0.19730008231803
0.980430468911203
-0.457609835896012
-1.92062155062297
-4.99152098925708
-6.36201618028295
-8.24029711842632
-9.69767770753143
-12.6148892792318
-7.79818851446816
-8.76993488540477
-9.97357517077488
-8.4887197685796
-6.58016363019281
-5.47260947834541
-7.6717469559147
-3.5570211172931
1.70769013446783
0.697251365159848
-0.2341487561265
-3.2414274665272
-3.97241300565243
-1.52278593272003
-0.70162108447211
-5.39707046204789
-7.15258784142442
-8.59918260271215
-10.4370355683186
-14.3416273184106
-12.7365479148581
-10.3469155051386
-6.6073177811722
-10.3809451573284
-8.91197023994972
-7.78162810375857
-1.85929541023582
-7.82362402553393
-1.52562761059107
-1.04061343628892
-3.25761985657402
-5.58987112031109
-5.81779866794943
-5.60971726239887
-3.46681735943391
-7.48024400846559
-9.21488672516815
-11.0215469563162
-13.887178139002
-11.9573747430934
-10.6361526753495
-5.81404234594224
24.2140515692548
-9.40181703449019
-9.04325022016523
-8.04623934031242
-5.87392676937668
-2.96016360996234
-1.78846477360023
0.899976323657163
-1.90514298928541
-6.36375010605926
-7.44918059938168
-8.1902936710872
-1.94783120874982
-6.91705104415684
-9.75100474554973
-10.8395983735371
-13.6487804018009
-12.0196749871835
-10.3400103624654
-7.72594845865789
-6.38008397400084
-8.72844342258824
-7.71645179618507
-6.76012018465172
-2.76117513654728
-0.956024792609578
-1.37200608769271
-2.20791272227836
-4.14397018291383
-7.8671313809749
-8.92026155769218
-8.08158365189988
-3.96636161354502
-10.1301174931076
-11.1927114402206
-13.2392676044838
-11.5860250719015
-9.30724354293195
-8.16810632609837
-4.83313950170546
-5.75142056727111
-6.98938137217727
-5.78575674296006
-5.33816048420122
-1.44341528200347
-3.73314327035171
-6.51899972511812
-2.40342188334485
-7.28976435257422
-9.3302980066998
-10.0531996281455
-2.25023231814012
-0.258770604196085
-10.7753233338809
-11.3547654315421
-10.974368575769
-9.2344836824715
-7.6824035779363
-6.47663865294708
-1.76616612864937
-4.7794351364221
-4.49855391193557
-3.58897623477232
-2.80604612575856
-0.53134607370018
-2.66557060312482
-6.83057248173473
-1.35734451750834
-0.416887515107687
-5.93540640048969
-8.5177022991961
-10.1116299170811
-8.19264468108079
-8.15339908133029
-12.332392022521
-9.89295512024603
-8.39909334632213
-6.57325507398838
-5.77736023430803
-4.17498245620614
-1.67851233910907
-1.68801213589063
-2.2991716976594
-0.377059031382094
1.62522139270657
2.27291344047849
-0.175750551919595
-2.92671918901704
-6.97537383714867
-2.98459427820584
-5.06009532380384
-7.94629395547343
-9.28476305714263
-7.59984405708582
-7.30044587098547
-12.4377830952764
-9.42476786671167
-7.61903886681581
-5.94179564362051
-4.76141331706673
-3.96568397578415
-3.06911294690396
-1.54084647478218
-0.531238705553794
0.905341368820903
1.15290768961354
-1.12524271452743
-0.892254423617395
0.127530016552777
0.368809661257297
0.055058710000403
-0.134275815689721
-3.94623260414238
-5.85846734845096
-3.77945754331143
-4.54618631516177
-7.47987125978581
-8.83482886990791
-6.88328529202349
-5.60810506716684
-12.7788429804514
-8.23236265221522
-6.51860369924634
-4.51786074108195
-3.90215788053104
-3.05875170517259
-1.90686230711784
-1.03013729492405
-0.799729599580005
0.576945416164733
-0.452117419946751
-1.17704316514116
-0.292512445246389
1.10148564264031
2.21143482206412
2.11614101258986
4.200058716556
2.30550044857769
-0.974055469513381
-2.6919925362202
-3.9523569032962
-2.15055903883791
-5.18522405865759
-6.31963326000915
-7.73166714284167
-8.00183562365755
-0.480118537118104
-3.47684842397924
-4.01176905600829
-2.98165157069444
-2.6746382205588
-1.74224685158572
-0.928902180139019
-3.51419497945926e-08
1.48327019604639
2.64272245695747
3.71753886624462
4.27775742768487
6.03928849381331
7.992624264764
8.33478760939393
7.99128262373271
5.20601536989944
0.109489221316734
-0.462252435923913
0.282135523925971
-0.853588128272441
-2.39261534869237
-0.632221832064852
-0.66389129812703
-3.79404896907912
-5.46751760021925
-6.60754783141283
-8.34980911139249
-1.38842830667513
-4.16720289318301
-5.52906601599123
-2.03751890588919
-0.728408924470632
0.258284699832767
1.41855593825995
2.63846530930053
4.55189538988249
5.60587752577767
7.28016112148697
8.54843693058398
9.29671643938747
9.48721192664784
6.81137348583758
0.137355812193034
0.916342956877295
2.00138450014
0.948622557318004
-1.29330968031269
-1.3187635466291
-3.67932294754117
-4.26007536268503
-5.45056864917673
-5.97114068363744
-0.563435217280986
-2.09010065312211
0.486302313470538
2.11424394763358
3.48677482929284
6.22121387196528
8.05510798356937
9.24165783642403
7.6382466417707
6.7325187309284
2.15504551367687
-0.769435151526226
2.49839330817584
3.49703624297607
3.08348960218352
1.98978160624901
-0.332186361837963
-1.04107503355646
-2.03176982251601
-2.64849869279875
-3.31777150569854
-3.61169961823393
-3.85433247184066
-0.710894741322024
-1.07039528871305
-0.332026939068491
0.583880298806158
-0.203184489006692
2.01355096624087
3.60071894609701
5.41118892354328
5.00145979867071
3.99816401849843
2.14894751296934
0.0535075307077914
-0.518293066201768
0.00377209559382852
-0.234670187490976
-1.03358983387475
-1.91128221418591
-2.71082046926724
2.37108598652819
1.54557438713795
2.81759967029433
3.5806882883937
0.781414565240291
1.42509827505622
1.54917376456999
1.67115889846038
3.76941654359443
5.83924143805934
6.40383923576113
6.73498436432071
5.97380640473264
5.68858031603319
4.53308040057041
0.651223509043426
0.45348737640751
1.26670541573418
0.633071370918726
0.0971524611350603
-0.551507358830627
3.92586489940515
3.80302256141894
5.21976331682063
5.6615015733421
6.52149552510773
6.62095733017129
7.22299448579099
7.29119937112768
7.584625404713
7.13219760923838
7.3930452836715
6.70130854530132
6.25596458649866
2.75386985168918
1.75409158815832
2.65720759787817
2.58793514278276
1.72057108417691
1.31784370321832
5.711827346359
5.86632117590781
6.26430549041327
7.49818475200064
7.74816004975589
7.73557625336538
7.64732761051104
8.73663472908443
8.56865946876178
8.78432137494658
7.5169027115629
3.3197833495953
2.05705788777528
4.24787053990095
3.9707732377891
3.9851675963109
3.11302881591525
7.51778817461827
7.88473022548056
8.5158449205281
8.25466844566577
8.47225910323363
9.06447138249354
10.1362073859011
8.58174574077726
7.49392325046778
0.979468904146259
5.20331140587554
6.84098025405627
5.86950357523794
5.77393495871245
10.2238546348246
10.1742035973767
10.3298408917973
7.13085021107243
2.01249096249116
1.10243579877173
6.08898029073383
8.90219304639096
8.51835369427249
10.0789045276605
9.58420585131968
8.11204479368834
0.793522061572597
1.92434481653515
11.0335541515547
8.77139411216342
11.4611426024064
4.95144958872151
5.20972933470041
6.55894494894732
4.66911290259329
1.75222908857993
7.27803362554878
8.2985270471743
8.08665982449819
8.61062980733953
7.55371343428599
6.67102626847641
9.21782574160842
4.65688015874533
3.31966028149734
3.87544562499423
4.87168055814236
4.11505770732462
5.75615351133933
6.87822972267005
6.58060990412403
6.76027903836744
6.56784584091692
6.52935853038172
7.12829925703649
5.62059620875214
6.00001361682047
5.44736379746329
4.4717078860538
2.03797724790264
2.53240477896372
3.0050523233824
3.30437962405416
2.78411460451226
2.14958571899628
5.68742869587335
6.50707134670743
6.58568410804271
5.94255413743511
6.75009038347554
5.09338924079275
6.09433092479421
4.56244801554596
6.1661435632097
5.0891974068252
4.59632187084308
3.96546239052124
-0.173069871032428
0.612551519669336
0.956703031998233
1.48807967920486
1.20646542824916
2.67610843957007
4.41898129902691
4.86741560168895
4.87998979239792
4.82268152838858
5.83663389634111
6.0671890281819
5.31848912476417
3.01162442534616
6.38318483555486
6.55170794403277
6.4790598072567
5.99568640983038
5.30507520258419
4.29447411980169
3.1312695392707
-1.23729482201971
-0.458102671102876
-0.402854865201482
-0.0891490109684265
0.861276992857445
2.00488536274522
3.80917650127299
3.47605046724849
4.78245265985705
3.72343182083261
1.90017570335708
1.95064815946322
2.00103786620051
3.45764727950241
2.53988667576446
2.31077963191458
-2.73529412538235
-1.90736582196066
-1.70932941846878
-1.26295213781503
-0.845823656413204
-0.285049881495763
1.9682542917713
2.74278519383578
3.29081364024667
4.15634487321461
1.68748091929357
1.90435483649135
2.01035439978091
7.40990160477559
7.92861987636249
7.22999494748412
6.09564511920129
5.6766936815759
4.51945995459446
1.17975186703097
2.25341271876097
-3.41120173650053
-4.96902725594534
-3.58372065682382
-3.34999015797652
-1.6733417550464
0.00841631301701562
-1.08859904690158
1.44508714610423
1.70389218400388
1.75241927602631
0.630952926971659
1.88353317111277
0.957197187754835
8.04942320535888
6.74041819565938
6.74988087160854
6.49569456254735
4.95604955573113
4.80123396085747
3.49582946224994
2.70290945829036
2.06403451588929
1.97464332263851
-2.29716335922179
-5.2967514973368
-4.50787862101566
-3.07113257056011
-2.84004258930675
-2.5645773784603
-1.24656276652943
-0.950871598579963
0.666137653014612
1.01945210176641
1.63409188418646
5.1627491479383
5.47233935403952
5.37677390502264
6.69525892885429
5.37022915360901
3.92973718449507
4.58591403916754
3.91350592494275
3.07729253983355
1.73939489937759
1.92560680349022
0.892559558936142
0.62730598436943
-8.66041934260979
-5.46811024706168
-4.84544471613843
-3.38057084807741
-2.27538647639385
-1.80977292783589
-2.73694158850871
-1.89964610111231
-0.600812187909401
0.87600328348179
1.59318258288609
0.868129025594796
1.99352735596648
1.0818182151
2.94043252456523
4.5912860927936
2.06076007237773
1.88926961146626
2.30884407581258
2.01448922114802
1.40776602931183
1.09182527157357
0.0709936763767578
-0.628774229152842
-1.66072571860784
-4.6406083566794
-4.48491176656091
-6.3455718843664
-5.6033458316804
-4.15262936424506
-4.01649252724545
-1.13836713607772
-4.06973709584685
-2.74491389483053
-0.487686012680622
1.16586381973868
1.59995282870268
0.576680775448335
-0.488053860185385
-0.692619213594518
-2.08624817648761
-4.00915033323132
-4.67690616621529
-13.2888503629722
-8.30369175679792
-7.22378036145512
-7.16169587433179
-5.43927268224754
-4.96268532953616
-1.29859411319363
-4.35471069209936
-0.927555317872769
1.17482837024824
0.56790108400917
-0.320961753848042
-0.524034227424859
-2.32510259292775
-2.96825195959395
-2.55882350097059
-5.11314182588779
-12.0143857063722
-9.76776317019845
-7.26917356485295
-7.25504417630526
-6.63213538266218
-4.85016919462984
-0.500653350616997
-4.16108191184772
1.08438828872408
0.260178762262853
-0.115474310364776
-0.584587224760751
-1.23451154621561
-4.34089829706997
-5.45093222787272
-5.92726103596321
-10.8766370503458
-10.4766617799878
-8.60358996489149
-7.2930546430013
-7.44176402241119
-6.95277942544117
-6.61209600962995
-2.84912481557453
-1.51941904719088
0.387130636978386
-0.737548424374197
-1.59606334241347
-1.44825779193883
-1.51159912003077
-4.81656239025905
-5.90136214962161
-6.82697142187746
-10.5417248927272
-10.2439498724033
-8.63151802484439
-8.75446246735924
-7.34520543645959
-7.01497947699114
-6.59780274069625
-2.89158288347749
-1.86719195871561
0.946220471137112
-1.70554426062712
-2.40491645994781
-5.01354707518783
-2.51171865541202
-5.2726970384905
-6.05530615660849
-6.41750353334264
-6.49478698499795
-10.5178090814829
-9.19276475754173
-7.85715049494315
-1.86066485855267
-1.86045705469148
-7.48961895856085
-6.48357246761369
-5.02640853519626
-2.86658930449452
-2.11861705557658
-2.99358094000431
-4.78756700361183
-4.77961582240879
-2.03255287884439
-5.68200835041706
-6.69684397814823
-8.50851886819864
-7.78109625759819
-8.67499599489615
-5.6602208818264
-6.5450958848303
-6.13239173442352
-6.5353409471952
-6.02088565883025
-2.66366216618343
-0.987238290820132
-0.443719368592349
-2.2490328556205
-5.95245121771868
-7.19036317838055
-6.12348602385967
-7.81224563805457
-6.45325754896913
-8.59675421053191
-11.5294171467824
-7.97497806223458
-6.42689512552568
-5.32157727247731
-4.7317240952996
-5.42585868699268
-5.36551174555605
-2.4177149352441
-1.69383536488134
0.518374739541903
-0.619291325143529
-5.2405658372598
-6.78408007693
-4.10613817711117
-7.43195678106044
-6.53112746131053
-7.92964564201577
-9.95196560651848
-8.13371894222392
-6.18364973760527
-5.54044897031823
-4.2705882705647
-1.72692768523936
-1.67036354341163
-1.38800812115724
-1.09882471267264
0.283211979082415
-3.00260261844871
-1.35366037413801
-3.38599027658624
-5.93590028397846
-7.2007116026045
-2.41166789319625
-2.38728891011915
-8.18763459200742
-10.2023822194935
-9.20766067204803
-7.1414432391209
-5.94751260575301
-5.17452177349494
-3.97456411124816
-3.50242523684361
-2.13496404803377
-0.345387878289089
-1.18470737760146
-1.40514165160223
-2.91137254530088
0.370136133394694
-3.83070537533243
-4.67544686168181
-4.70452877291681
-1.33787619960165
-7.62729611042096
-5.73573112925638
-4.62121608661941
-3.771975435237
-3.57536328540487
-2.93122409493896
-1.45623263394614
-0.617270804878402
-1.17666416060838
-1.18574037598693
-0.59490168905428
-1.3211603573511
-0.653465633060447
-0.575283728987132
-3.74662847205774
-4.96378060840448
-5.47263463392678
-4.66207947235477
-6.21545716482432
-6.12292545456148
-3.74444039939626
-2.85888209986634
-2.69782894793223
-2.39804210746581
-0.909297805298282
-0.450078893688203
0.41969935557169
0.184108727648493
-0.397095345645811
2.5818831520607
1.48111852041066
1.12470342241215
0.0422082168989342
0.146806933067395
0.119936250502932
-0.81563040057923
-0.72766060464427
-3.44347991470956
-3.56160654240168
-1.4059133498896
-3.0943346371176
-4.74923799318826
-5.46979098579042
-5.88471594948328
-8.91737826491989
-2.50832519324409
-1.3323758377034
-0.954041480045873
-0.95112013430048
0.551058820036017
1.84582800954969
3.2044700317676
3.4389509334356
3.76128264499943
4.43722774225096
2.88924756411484
3.15186665667605
2.8824595326384
-0.555769963641343
0.208070223552357
-0.161382587734783
-1.10282193975764
-2.84910791050018
-2.11702927567091
-2.22913910918533
-4.5308930768949
-5.01256658529945
-5.67490889614254
-4.02477322146961
-0.276254932830638
-0.184601228652945
1.28533599343155
1.40005511601622
3.26604668519895
4.35158148914637
4.43116517394537
6.10632461267011
6.02975898582918
5.93803750525761
3.03724917195761
0.128086724752619
1.40380176238494
0.795838968097395
0.458728750219624
-0.573474018643592
-0.56178843204057
0.0132627725249065
-1.29128958110629
-2.15728975071561
-1.70192776873284
-3.38253118268022
-3.28677812277513
-5.0355271450952
-2.75843304594429
-1.183785744159
0.321064673229
4.23972527219257
4.96467647612068
5.20959915380351
4.02385291823002
0.832327238843167
1.98468610786966
1.7313968059715
2.17210567612973
1.80534731250917
1.51179455659498
0.0302751762610964
-0.200825305559866
-0.429685797021693
-0.636949088225972
-1.47137750600631
-3.03626014264445
-2.74509803696079
-0.45642664767578
1.06037534376724
0.327682039627103
-0.391409996035462
-0.0770042126095926
2.00543714529336
3.02067154365743
2.91839416640061
2.6791100482487
2.25140158427109
2.49692884102338
1.3775910057469
0.0658966586027481
-0.278942608441571
-0.572941697054142
-0.114956033595821
-0.388607261362174
-0.676547588695482
-0.744619239421539
1.18878543507037
2.4129649918393
3.80486694529919
3.3069574541981
3.31521542990105
4.84573180649572
3.34817414904077
3.50381790644963
2.92778036981074
3.89441157648792
3.80269435747915
2.70398429036752
2.49649172484582
4.12035555816622
0.844023477906378
0.712364684147121
0.875309098589374
0.814950444069569
0.760445518912026
0.419102209697205
1.8925475889119
3.21246793265956
3.87834868482393
3.84139430589483
3.69229061160345
5.78452484921789
3.5372534078411
4.67732438389415
5.69914970052575
4.6713593975881
2.72457949849575
4.86580591889819
2.332309881332
1.54669986726746
2.0527147522613
2.84889570459636
1.5190933227084
1.64152840691612
5.37557371750617
4.44629260194839
5.72162727761964
5.27081234370578
4.00378083965646
3.56477242137875
3.67429683495873
5.75187226362453
4.67477432568663
5.34664281016767
1.79621686999914
3.58793401763764
3.29459458196066
3.31561415450058
3.403430709772
4.46697417320088
8.06203713912767
6.40549920561691
6.72994905191882
7.23618695953861
6.50738165476681
2.01516934700501
2.91247841662811
4.84964584345277
5.05201820469219
5.93250219816997
4.93457806379833
11.2296096338941
8.20139223852928
0.159616450066765
0.14980453580707
6.48715621128523
7.11523699277635
9.81420004580383
8.07290783241412
8.47126984138029
8.60541457715139
4.75552905540679
4.30186184174123
6.49701025832565
7.18502458548168
2.94510020333178
4.64338650558077
1.1703636170271
0.493654846334283
-0.678500069237456
1.1632492648047
-4.80524766014306
-0.403738183102433
1.1152531931008
-6.73906261471341
-2.52252715403721
-3.13780641346726
-8.12959847264052
-7.89356485124353
-7.53577224663576
-7.72577299749679
-2.70344951270881
-1.32826938589387
-5.32495691636739
-0.947979006718685
-4.18497838247303
-2.2783923107358
0.221377745337161
35.3398474277479
0.0937958204437099
0.039060700902907
2.5899343171292
0.0693926372717996
-1.04247310635983
0.0981853580163174
