0.686274475490192
2.4705882027647
3.77450977269608
3.77450977269608
2.4705882027647
0.686274475490192
2.02450977094607
4.87254898948039
6.07352938283823
6.07352938283823
6.07352938283823
6.07352938283823
4.87254898948039
2.02450977094607
0.686274475490192
5.76470585311765
6.07352938283823
6.07352938283823
6.07352938283823
6.07352938283823
6.07352938283823
6.07352938283823
4.87254898948039
0.686274475490192
3.77450977269608
6.07352938283823
6.07352938283823
6.07352938283823
6.07352938283823
6.07352938283823
6.07352938283823
6.07352938283823
6.07352938283823
2.4705882027647
4.87254898948039
6.07352938283823
6.07352938283823
6.07352938283823
6.07352938283823
6.07352938283823
6.07352938283823
6.07352938283823
6.07352938283823
4.22058820451471
4.22058820451471
6.07352938283823
6.07352938283823
6.07352938283823
6.07352938283823
6.07352938283823
6.07352938283823
6.07352938283823
6.07352938283823
4.5637254597598
2.4705882027647
6.07352938283823
6.07352938283823
6.07352938283823
6.07352938283823
6.07352938283823
6.07352938283823
6.07352938283823
6.07352938283823
3.77450977269608
0.686274475490192
5.18137251920098
6.07352938283823
6.07352938283823
6.07352938283823
6.07352938283823
6.07352938283823
6.07352938283823
6.07352938283823
1.57843133912745
2.02450977094607
5.18137251920098
6.07352938283823
6.07352938283823
6.07352938283823
6.07352938283823
5.76470585311765
2.4705882027647
1.13235290730882
2.4705882027647
3.77450977269608
3.77450977269608
2.4705882027647
1.13235290730882
-3.5000002895913e-08
1.57843133912745
2.02450977094607
1.57843133912745
0.240196043671564
2.02450977094607
4.5637254597598
5.18137251920098
5.76470585311765
5.18137251920098
4.5637254597598
2.02450977094607
2.4705882027647
5.76470585311765
5.76470585311765
6.07352938283823
6.07352938283823
6.07352938283823
5.76470585311765
5.18137251920098
2.02450977094607
0.240196043671564
5.76470585311765
6.07352938283823
6.07352938283823
6.07352938283823
6.07352938283823
6.07352938283823
6.07352938283823
5.76470585311765
4.5637254597598
0.240196043671564
2.02450977094607
5.76470585311765
6.07352938283823
6.07352938283823
6.07352938283823
6.07352938283823
6.07352938283823
6.07352938283823
6.07352938283823
5.76470585311765
1.57843133912745
2.4705882027647
6.07352938283823
6.07352938283823
6.07352938283823
6.07352938283823
6.07352938283823
6.07352938283823
6.07352938283823
6.07352938283823
5.76470585311765
2.4705882027647
1.57843133912745
6.07352938283823
6.07352938283823
6.07352938283823
6.07352938283823
6.07352938283823
6.07352938283823
6.07352938283823
6.07352938283823
5.76470585311765
2.02450977094607
0.240196043671564
4.87254898948039
6.07352938283823
6.07352938283823
6.07352938283823
6.07352938283823
6.07352938283823
6.07352938283823
6.07352938283823
5.18137251920098
0.240196043671564
2.4705882027647
6.07352938283823
6.07352938283823
6.07352938283823
6.07352938283823
6.07352938283823
6.07352938283823
6.07352938283823
2.4705882027647
2.4705882027647
4.5637254597598
5.76470585311765
6.07352938283823
5.76470585311765
4.87254898948039
2.4705882027647
0.240196043671564
1.57843133912745
2.02450977094607
1.57843133912745
0.240196043671564
-3.5000002895913e-08
1.57843133912745
3.32843134087745
4.22058820451471
4.22058820451471
3.32843134087745
1.57843133912745
2.4705882027647
5.18137251920098
5.76470585311765
5.76470585311765
5.76470585311765
5.76470585311765
5.18137251920098
2.4705882027647
2.02450977094607
5.76470585311765
5.76470585311765
5.76470585311765
5.76470585311765
5.76470585311765
5.76470585311765
5.76470585311765
5.18137251920098
1.57843133912745
4.87254898948039
5.76470585311765
5.76470585311765
6.07352938283823
6.07352938283823
6.07352938283823
6.07352938283823
5.76470585311765
5.76470585311765
3.77450977269608
5.18137251920098
5.76470585311765
6.07352938283823
6.07352938283823
6.07352938283823
6.07352938283823
6.07352938283823
5.76470585311765
5.76470585311765
4.5637254597598
0.240196043671564
4.87254898948039
5.76470585311765
6.07352938283823
6.07352938283823
6.07352938283823
6.07352938283823
6.07352938283823
6.07352938283823
5.76470585311765
4.87254898948039
0.240196043671564
3.77450977269608
5.76470585311765
6.07352938283823
6.07352938283823
6.07352938283823
6.07352938283823
6.07352938283823
6.07352938283823
5.76470585311765
4.5637254597598
1.57843133912745
5.76470585311765
6.07352938283823
6.07352938283823
6.07352938283823
6.07352938283823
6.07352938283823
6.07352938283823
5.76470585311765
2.4705882027647
2.4705882027647
5.76470585311765
6.07352938283823
6.07352938283823
6.07352938283823
5.76470585311765
5.76470585311765
3.32843134087745
2.02450977094607
3.77450977269608
4.5637254597598
4.5637254597598
3.77450977269608
2.02450977094607
-3.5000002895913e-08
0.240196043671564
0.686274475490192
2.02450977094607
2.4705882027647
2.02450977094607
0.686274475490192
2.4705882027647
4.87254898948039
5.45588232339705
5.45588232339705
5.45588232339705
4.87254898948039
2.4705882027647
3.32843134087745
5.45588232339705
5.76470585311765
5.76470585311765
5.76470585311765
5.76470585311765
5.76470585311765
5.45588232339705
2.4705882027647
1.13235290730882
5.45588232339705
5.76470585311765
5.76470585311765
5.76470585311765
5.76470585311765
5.76470585311765
5.76470585311765
5.76470585311765
4.87254898948039
1.13235290730882
2.4705882027647
5.76470585311765
5.76470585311765
5.76470585311765
5.76470585311765
5.76470585311765
5.76470585311765
5.76470585311765
5.76470585311765
5.45588232339705
2.4705882027647
3.32843134087745
5.76470585311765
5.76470585311765
5.76470585311765
5.76470585311765
5.76470585311765
5.76470585311765
5.76470585311765
5.76470585311765
5.76470585311765
2.4705882027647
2.4705882027647
5.76470585311765
5.76470585311765
5.76470585311765
5.76470585311765
5.76470585311765
5.76470585311765
5.76470585311765
5.76470585311765
5.76470585311765
2.4705882027647
1.13235290730882
5.18137251920098
5.76470585311765
5.76470585311765
5.76470585311765
5.76470585311765
5.76470585311765
5.76470585311765
5.76470585311765
5.76470585311765
1.57843133912745
2.4705882027647
5.76470585311765
5.76470585311765
5.76470585311765
5.76470585311765
5.76470585311765
5.76470585311765
5.76470585311765
3.77450977269608
3.32843134087745
5.18137251920098
5.76470585311765
5.76470585311765
5.76470585311765
5.18137251920098
3.32843134087745
-3.5000002895913e-08
1.13235290730882
2.4705882027647
2.4705882027647
2.4705882027647
1.13235290730882
-3.5000002895913e-08
0.686274475490192
0.686274475490192
-3.5000002895913e-08
-3.5000002895913e-08
2.4705882027647
3.77450977269608
4.5637254597598
4.5637254597598
3.77450977269608
2.4705882027647
0.240196043671564
-3.5000002895913e-08
3.32843134087745
5.18137251920098
5.45588232339705
5.45588232339705
5.45588232339705
5.45588232339705
5.18137251920098
3.32843134087745
0.240196043671564
2.4705882027647
5.45588232339705
5.45588232339705
5.76470585311765
5.76470585311765
5.76470585311765
5.45588232339705
5.45588232339705
5.18137251920098
2.4705882027647
-3.5000002895913e-08
5.18137251920098
5.45588232339705
5.76470585311765
5.76470585311765
5.76470585311765
5.76470585311765
5.76470585311765
5.45588232339705
5.45588232339705
4.22058820451471
0.240196043671564
0.686274475490192
5.45588232339705
5.76470585311765
5.76470585311765
5.76470585311765
5.76470585311765
5.76470585311765
5.76470585311765
5.76470585311765
5.45588232339705
4.87254898948039
0.686274475490192
0.686274475490192
5.18137251920098
5.76470585311765
5.76470585311765
5.76470585311765
5.76470585311765
5.76470585311765
5.76470585311765
5.76470585311765
5.45588232339705
5.18137251920098
1.13235290730882
-3.5000002895913e-08
4.22058820451471
5.76470585311765
5.76470585311765
5.76470585311765
5.76470585311765
5.76470585311765
5.76470585311765
5.76470585311765
5.45588232339705
4.87254898948039
0.240196043671564
2.4705882027647
5.45588232339705
5.76470585311765
5.76470585311765
5.76470585311765
5.76470585311765
5.76470585311765
5.76470585311765
5.45588232339705
3.32843134087745
0.240196043671564
3.77450977269608
5.45588232339705
5.76470585311765
5.76470585311765
5.76470585311765
5.76470585311765
5.45588232339705
4.22058820451471
0.240196043671564
0.240196043671564
2.4705882027647
4.22058820451471
4.87254898948039
4.87254898948039
4.22058820451471
2.4705882027647
0.240196043671564
0.240196043671564
0.686274475490192
0.686274475490192
0.240196043671564
1.57843133912745
2.4705882027647
2.4705882027647
2.4705882027647
1.57843133912745
-3.5000002895913e-08
0.240196043671564
3.32843134087745
5.18137251920098
5.18137251920098
5.18137251920098
5.18137251920098
4.87254898948039
3.32843134087745
0.686274475490192
3.77450977269608
5.18137251920098
5.45588232339705
5.45588232339705
5.45588232339705
5.45588232339705
5.45588232339705
5.18137251920098
3.32843134087745
-3.5000002895913e-08
2.02450977094607
5.18137251920098
5.45588232339705
5.45588232339705
5.45588232339705
5.45588232339705
5.45588232339705
5.45588232339705
5.45588232339705
4.87254898948039
1.57843133912745
3.77450977269608
5.45588232339705
5.45588232339705
5.45588232339705
5.45588232339705
5.45588232339705
5.45588232339705
5.45588232339705
5.45588232339705
5.45588232339705
2.4705882027647
3.77450977269608
5.45588232339705
5.45588232339705
5.45588232339705
5.45588232339705
5.45588232339705
5.45588232339705
5.45588232339705
5.45588232339705
5.45588232339705
3.32843134087745
3.32843134087745
5.45588232339705
5.45588232339705
5.45588232339705
5.45588232339705
5.45588232339705
5.45588232339705
5.45588232339705
5.45588232339705
5.45588232339705
3.32843134087745
1.57843133912745
5.18137251920098
5.45588232339705
5.45588232339705
5.45588232339705
5.45588232339705
5.45588232339705
5.45588232339705
5.45588232339705
5.45588232339705
2.4705882027647
3.77450977269608
5.45588232339705
5.45588232339705
5.45588232339705
5.45588232339705
5.45588232339705
5.45588232339705
5.45588232339705
4.22058820451471
0.240196043671564
0.686274475490192
3.77450977269608
5.18137251920098
5.45588232339705
5.45588232339705
5.45588232339705
5.18137251920098
4.22058820451471
0.686274475490192
-3.5000002895913e-08
1.57843133912745
2.4705882027647
3.32843134087745
2.4705882027647
2.02450977094607
-3.5000002895913e-08
0.686274475490192
1.13235290730882
1.13235290730882
0.686274475490192
0.686274475490192
2.4705882027647
4.22058820451471
4.5637254597598
4.5637254597598
4.22058820451471
2.4705882027647
0.686274475490192
0.686274475490192
3.77450977269608
5.18137251920098
5.18137251920098
5.18137251920098
5.18137251920098
5.18137251920098
5.18137251920098
3.77450977269608
0.686274475490192
3.77450977269608
5.18137251920098
5.45588232339705
5.45588232339705
5.45588232339705
5.45588232339705
5.18137251920098
5.18137251920098
5.18137251920098
2.4705882027647
1.13235290730882
5.18137251920098
5.45588232339705
5.45588232339705
5.45588232339705
5.18137251920098
5.18137251920098
5.45588232339705
5.18137251920098
5.18137251920098
4.22058820451471
0.686274475490192
1.57843133912745
5.18137251920098
5.45588232339705
5.45588232339705
5.45588232339705
5.18137251920098
5.18137251920098
5.18137251920098
5.45588232339705
5.18137251920098
5.18137251920098
1.57843133912745
1.57843133912745
5.18137251920098
5.45588232339705
5.45588232339705
5.45588232339705
5.18137251920098
5.18137251920098
5.18137251920098
5.45588232339705
5.45588232339705
5.18137251920098
1.57843133912745
0.686274475490192
4.5637254597598
5.45588232339705
5.45588232339705
5.45588232339705
5.18137251920098
5.18137251920098
5.45588232339705
5.45588232339705
5.45588232339705
5.18137251920098
1.13235290730882
2.91666663458333
5.18137251920098
5.45588232339705
5.45588232339705
5.45588232339705
5.45588232339705
5.45588232339705
5.45588232339705
5.18137251920098
3.77450977269608
0.686274475490192
4.22058820451471
5.45588232339705
5.45588232339705
5.45588232339705
5.45588232339705
5.45588232339705
5.45588232339705
4.5637254597598
1.13235290730882
1.13235290730882
3.32843134087745
4.5637254597598
4.87254898948039
4.87254898948039
4.5637254597598
3.32843134087745
1.13235290730882
0.686274475490192
1.57843133912745
1.57843133912745
0.686274475490192
-3.5000002895913e-08
0.240196043671564
2.02450977094607
3.32843134087745
3.32843134087745
2.91666663458333
2.02450977094607
0.686274475490192
1.13235290730882
3.77450977269608
5.18137251920098
5.18137251920098
5.18137251920098
5.18137251920098
5.18137251920098
3.77450977269608
1.13235290730882
0.686274475490192
4.5637254597598
5.18137251920098
5.18137251920098
5.18137251920098
5.18137251920098
5.18137251920098
5.18137251920098
5.18137251920098
3.77450977269608
0.686274475490192
3.32843134087745
5.18137251920098
5.18137251920098
5.18137251920098
5.18137251920098
5.18137251920098
5.18137251920098
5.18137251920098
5.18137251920098
5.18137251920098
2.4705882027647
4.5637254597598
5.18137251920098
5.18137251920098
5.18137251920098
5.18137251920098
4.5637254597598
5.18137251920098
5.18137251920098
5.18137251920098
5.18137251920098
3.32843134087745
-3.5000002895913e-08
4.5637254597598
5.18137251920098
5.18137251920098
5.18137251920098
4.87254898948039
4.22058820451471
4.87254898948039
5.18137251920098
5.18137251920098
5.18137251920098
3.77450977269608
0.240196043671564
3.77450977269608
5.18137251920098
5.18137251920098
5.18137251920098
4.87254898948039
4.22058820451471
5.18137251920098
5.18137251920098
5.18137251920098
5.18137251920098
4.22058820451471
2.4705882027647
5.18137251920098
5.18137251920098
5.18137251920098
5.18137251920098
5.18137251920098
5.18137251920098
5.18137251920098
5.18137251920098
5.18137251920098
2.4705882027647
0.686274475490192
4.22058820451471
5.18137251920098
5.18137251920098
5.18137251920098
5.18137251920098
5.18137251920098
5.18137251920098
5.18137251920098
4.87254898948039
1.13235290730882
1.57843133912745
4.22058820451471
5.18137251920098
5.18137251920098
5.18137251920098
5.18137251920098
5.18137251920098
4.5637254597598
1.57843133912745
0.686274475490192
2.4705882027647
3.32843134087745
3.77450977269608
3.32843134087745
2.4705882027647
0.686274475490192
0.240196043671564
