11.2892156625637
11.0490195838922
12.4558823303971
11.5294117412353
6.93137252095098
3.77450977269608
4.22058820451471
4.22058820451471
4.87254898948039
6.34803918703431
11.0490195838922
10.362745073402
5.45588232339705
4.22058820451471
4.87254898948039
5.18137251920098
5.18137251920098
4.87254898948039
4.22058820451471
6.34803918703431
9.16176468004412
11.0490195838922
4.5637254597598
4.87254898948039
5.18137251920098
5.18137251920098
5.18137251920098
5.18137251920098
5.18137251920098
4.87254898948039
4.5637254597598
4.5637254597598
10.8088235052206
6.93137252095098
4.87254898948039
5.18137251920098
5.18137251920098
5.18137251920098
5.18137251920098
5.18137251920098
5.18137251920098
5.18137251920098
5.18137251920098
4.87254898948039
7.54901958039216
4.5637254597598
4.87254898948039
5.18137251920098
5.18137251920098
5.18137251920098
5.18137251920098
4.87254898948039
5.18137251920098
5.18137251920098
5.18137251920098
5.18137251920098
3.77450977269608
12.2156862517255
11.0490195838922
3.32843134087745
4.5637254597598
5.18137251920098
5.18137251920098
5.18137251920098
4.5637254597598
4.87254898948039
4.87254898948039
5.18137251920098
5.18137251920098
4.87254898948039
5.18137251920098
11.2892156625637
11.7352940943824
5.76470585311765
4.87254898948039
5.18137251920098
5.18137251920098
4.87254898948039
4.5637254597598
4.5637254597598
4.87254898948039
5.18137251920098
5.18137251920098
4.87254898948039
4.22058820451471
10.8088235052206
4.22058820451471
5.18137251920098
5.18137251920098
5.18137251920098
4.87254898948039
4.87254898948039
4.87254898948039
5.18137251920098
5.18137251920098
5.18137251920098
4.5637254597598
6.34803918703431
11.9754901730539
6.34803918703431
4.5637254597598
5.18137251920098
5.18137251920098
5.18137251920098
5.18137251920098
5.18137251920098
5.18137251920098
5.18137251920098
5.18137251920098
4.87254898948039
7.82352938458823
11.0490195838922
4.5637254597598
4.5637254597598
5.18137251920098
5.18137251920098
5.18137251920098
5.18137251920098
5.18137251920098
5.18137251920098
4.87254898948039
4.5637254597598
10.8088235052206
9.67647056291177
4.22058820451471
4.22058820451471
4.87254898948039
5.18137251920098
5.18137251920098
4.87254898948039
4.22058820451471
5.76470585311765
9.91666664158334
10.8088235052206
7.82352938458823
4.5637254597598
4.22058820451471
4.22058820451471
5.18137251920098
6.6568627167549
10.8088235052206
12.2156862517255
10.362745073402
10.362745073402
11.9754901730539
10.8088235052206
7.82352938458823
6.93137252095098
6.34803918703431
9.16176468004412
10.6029411520735
4.87254898948039
4.5637254597598
4.22058820451471
4.87254898948039
4.87254898948039
4.5637254597598
6.07352938283823
12.2156862517255
10.362745073402
5.18137251920098
4.87254898948039
4.5637254597598
4.87254898948039
5.18137251920098
5.18137251920098
4.87254898948039
4.22058820451471
6.34803918703431
10.6029411520735
6.34803918703431
5.18137251920098
5.45588232339705
5.18137251920098
5.18137251920098
5.18137251920098
5.18137251920098
4.87254898948039
4.87254898948039
4.5637254597598
6.07352938283823
12.6960784090686
9.91666664158334
4.5637254597598
5.18137251920098
5.18137251920098
5.18137251920098
5.18137251920098
5.18137251920098
5.18137251920098
5.18137251920098
5.18137251920098
5.18137251920098
4.87254898948039
7.24019605067156
8.95588232689706
4.87254898948039
4.5637254597598
5.18137251920098
5.18137251920098
5.18137251920098
4.87254898948039
4.87254898948039
5.18137251920098
5.18137251920098
5.18137251920098
4.87254898948039
8.09803918878431
6.6568627167549
5.18137251920098
4.87254898948039
5.18137251920098
4.87254898948039
4.87254898948039
4.87254898948039
4.87254898948039
5.18137251920098
5.18137251920098
5.18137251920098
4.5637254597598
7.82352938458823
7.24019605067156
4.87254898948039
5.18137251920098
5.18137251920098
5.18137251920098
4.87254898948039
4.87254898948039
4.87254898948039
5.18137251920098
5.18137251920098
4.87254898948039
4.87254898948039
9.67647056291177
8.09803918878431
4.87254898948039
5.18137251920098
5.18137251920098
4.87254898948039
4.87254898948039
5.18137251920098
5.18137251920098
5.18137251920098
5.18137251920098
5.18137251920098
4.22058820451471
9.67647056291177
5.18137251920098
4.22058820451471
4.5637254597598
4.87254898948039
5.18137251920098
5.18137251920098
5.18137251920098
5.18137251920098
5.45588232339705
5.18137251920098
4.87254898948039
12.2156862517255
9.91666664158334
6.34803918703431
4.22058820451471
4.87254898948039
5.18137251920098
5.18137251920098
5.18137251920098
4.87254898948039
5.18137251920098
4.87254898948039
8.09803918878431
5.76470585311765
4.5637254597598
4.87254898948039
4.87254898948039
4.22058820451471
5.18137251920098
5.76470585311765
10.6029411520735
9.16176468004412
7.24019605067156
7.54901958039216
6.34803918703431
10.6029411520735
12.6960784090686
12.9362744877402
11.2892156625637
12.4558823303971
11.0490195838922
9.88235291605883
10.6029411520735
7.54901958039216
6.07352938283823
6.07352938283823
7.54901958039216
11.0490195838922
9.67647056291177
5.18137251920098
7.54901958039216
6.34803918703431
4.87254898948039
5.18137251920098
5.18137251920098
7.54901958039216
11.7352940943824
5.18137251920098
5.18137251920098
5.18137251920098
4.5637254597598
4.87254898948039
5.18137251920098
4.87254898948039
5.18137251920098
6.93137252095098
9.16176468004412
11.0490195838922
5.18137251920098
5.18137251920098
4.87254898948039
4.87254898948039
4.87254898948039
4.87254898948039
4.87254898948039
4.87254898948039
4.5637254597598
5.18137251920098
8.40551178442913
12.9362744877402
10.362745073402
5.18137251920098
4.87254898948039
4.87254898948039
4.5637254597598
4.5637254597598
4.5637254597598
4.5637254597598
4.87254898948039
5.18137251920098
5.18137251920098
5.18137251920098
11.7352940943824
10.6029411520735
10.8088235052206
6.34803918703431
4.5637254597598
4.5637254597598
4.5637254597598
4.5637254597598
4.5637254597598
4.5637254597598
4.87254898948039
5.18137251920098
5.18137251920098
5.76470585311765
10.8088235052206
11.0490195838922
5.76470585311765
5.18137251920098
4.87254898948039
4.5637254597598
4.5637254597598
4.5637254597598
4.5637254597598
4.5637254597598
4.87254898948039
4.87254898948039
5.76470585311765
10.6029411520735
9.91666664158334
11.9754901730539
6.07352938283823
5.18137251920098
5.18137251920098
4.87254898948039
4.5637254597598
4.5637254597598
4.5637254597598
4.87254898948039
4.87254898948039
4.87254898948039
6.34803918703431
10.362745073402
12.6960784090686
7.82352938458823
4.87254898948039
4.5637254597598
4.87254898948039
4.87254898948039
4.87254898948039
4.87254898948039
4.87254898948039
5.18137251920098
5.18137251920098
5.18137251920098
9.91666664158334
9.16176468004412
6.34803918703431
5.18137251920098
4.87254898948039
4.87254898948039
4.87254898948039
4.87254898948039
5.18137251920098
5.18137251920098
5.18137251920098
10.8088235052206
7.82352938458823
5.18137251920098
5.18137251920098
4.5637254597598
5.18137251920098
6.6568627167549
6.34803918703431
9.16176468004412
9.91666664158334
6.6568627167549
4.87254898948039
5.18137251920098
6.93137252095098
10.362745073402
10.1225489947304
10.6029411520735
11.7352940943824
11.2892156625637
12.6960784090686
10.8088235052206
11.5294117412353
11.9754901730539
9.91666664158334
9.91666664158334
9.67647056291177
9.67647056291177
5.76470585311765
9.16176468004412
9.91666664158334
6.34803918703431
5.45588232339705
5.76470585311765
6.93137252095098
10.8088235052206
7.24019605067156
5.76470585311765
7.82352938458823
5.18137251920098
4.87254898948039
4.87254898948039
6.34803918703431
9.91666664158334
12.4558823303971
12.9362744877402
11.2892156625637
6.34803918703431
5.18137251920098
4.87254898948039
4.22058820451471
4.5637254597598
4.5637254597598
4.5637254597598
6.6568627167549
8.40551178442913
12.2156862517255
5.18137251920098
4.87254898948039
4.5637254597598
4.22058820451471
4.22058820451471
4.22058820451471
4.22058820451471
4.5637254597598
5.18137251920098
7.54901958039216
11.0490195838922
9.67647056291177
6.07352938283823
4.5637254597598
4.22058820451471
3.77450977269608
3.77450977269608
3.77450977269608
4.22058820451471
4.87254898948039
5.18137251920098
5.45588232339705
8.09803918878431
6.34803918703431
8.09803918878431
6.07352938283823
4.5637254597598
4.22058820451471
3.77450977269608
3.77450977269608
3.77450977269608
4.22058820451471
4.5637254597598
6.6568627167549
7.82352938458823
6.34803918703431
12.6960784090686
8.09803918878431
5.45588232339705
5.18137251920098
4.5637254597598
4.22058820451471
3.77450977269608
3.77450977269608
3.77450977269608
4.22058820451471
4.5637254597598
6.6568627167549
8.95588232689706
11.0490195838922
7.24019605067156
4.87254898948039
4.5637254597598
4.22058820451471
4.22058820451471
4.22058820451471
4.22058820451471
4.5637254597598
4.87254898948039
5.18137251920098
12.2156862517255
7.82352938458823
6.07352938283823
4.5637254597598
4.5637254597598
4.5637254597598
4.5637254597598
4.87254898948039
5.18137251920098
6.93137252095098
11.2892156625637
12.6960784090686
12.4558823303971
9.91666664158334
7.24019605067156
5.18137251920098
4.87254898948039
5.18137251920098
7.82352938458823
5.45588232339705
6.93137252095098
11.9754901730539
9.91666664158334
6.34803918703431
5.76470585311765
6.34803918703431
7.54901958039216
9.16176468004412
9.91666664158334
6.6568627167549
9.16176468004412
10.6029411520735
9.91666664158334
9.91666664158334
11.5294117412353
9.67647056291177
13.4509803706078
11.7352940943824
10.362745073402
11.5294117412353
12.6960784090686
11.2892156625637
7.24019605067156
9.16176468004412
9.91666664158334
8.68083001320652
9.91666664158334
11.9754901730539
13.9656862534755
8.68083001320652
6.96568624647549
9.67647056291177
8.95588232689706
6.07352938283823
5.76470585311765
7.54901958039216
7.24019605067156
8.95588232689706
11.9754901730539
12.6960784090686
6.34803918703431
6.07352938283823
6.93137252095098
3.77450977269608
4.5637254597598
5.18137251920098
8.68083001320652
10.8088235052206
11.7352940943824
15.4754901765539
11.9754901730539
10.8088235052206
5.18137251920098
4.87254898948039
4.22058820451471
3.77450977269608
3.77450977269608
4.22058820451471
4.87254898948039
7.54901958039216
9.91666664158334
13.4509803706078
9.91666664158334
9.67647056291177
5.76470585311765
4.22058820451471
3.77450977269608
2.91666663458333
2.91666663458333
3.32843134087745
3.77450977269608
4.87254898948039
6.6568627167549
9.16176468004412
9.91666664158334
7.54901958039216
8.95588232689706
5.18137251920098
3.77450977269608
2.91666663458333
2.4705882027647
2.4705882027647
3.32843134087745
3.77450977269608
4.87254898948039
6.07352938283823
6.93137252095098
11.5294117412353
11.5294117412353
6.93137252095098
6.07352938283823
4.87254898948039
3.77450977269608
2.91666663458333
2.4705882027647
2.4705882027647
3.32843134087745
3.77450977269608
5.18137251920098
8.95588232689706
7.24019605067156
9.91666664158334
9.67647056291177
6.07352938283823
4.87254898948039
3.77450977269608
3.32843134087745
2.91666663458333
2.91666663458333
3.32843134087745
4.22058820451471
4.22058820451471
9.67647056291177
9.67647056291177
13.4509803706078
9.91666664158334
7.82352938458823
5.18137251920098
3.77450977269608
3.77450977269608
3.77450977269608
4.87254898948039
4.5637254597598
5.18137251920098
10.8088235052206
11.4950980157108
15.4754901765539
11.9754901730539
11.0490195838922
9.16176468004412
5.18137251920098
4.22058820451471
4.22058820451471
6.6568627167549
5.76470585311765
6.6568627167549
11.0490195838922
11.7352940943824
13.9656862534755
12.4558823303971
9.67647056291177
7.82352938458823
6.93137252095098
6.07352938283823
6.34803918703431
8.68083001320652
9.64215683738726
7.54901958039216
8.40551178442913
11.0490195838922
12.4558823303971
9.91666664158334
9.16176468004412
9.16176468004412
10.8088235052206
9.67647056291177
7.24019605067156
10.362745073402
12.4558823303971
11.9754901730539
9.91666664158334
10.8088235052206
17.60627528625
15.4754901765539
16.9120553178804
18.9068627290049
12.6960784090686
9.91666664158334
10.362745073402
11.9754901730539
12.9362744877402
16.1960784125686
18.2892156695637
16.9120553178804
14.7205882150147
12.6960784090686
9.16176468004412
8.95588232689706
10.362745073402
11.7352940943824
14.7205882150147
13.4509803706078
9.91666664158334
7.24019605067156
9.67647056291177
9.91666664158334
9.16176468004412
9.16176468004412
9.67647056291177
11.0490195838922
15.4754901765539
16.9120553178804
11.5294117412353
11.2892156625637
6.6568627167549
6.6568627167549
6.93137252095098
5.18137251920098
5.76470585311765
7.24019605067156
8.40551178442913
8.40551178442913
11.0490195838922
16.1960784125686
12.6960784090686
9.16176468004412
10.6029411520735
6.6568627167549
6.07352938283823
4.87254898948039
3.77450977269608
4.22058820451471
6.34803918703431
10.1225489947304
10.362745073402
10.6029411520735
12.4558823303971
12.2156862517255
8.37254899298039
9.91666664158334
5.18137251920098
3.77450977269608
2.91666663458333
2.4705882027647
2.91666663458333
2.4705882027647
5.76470585311765
9.16176468004412
11.9754901730539
13.9656862534755
18.9068627290049
13.4509803706078
8.95588232689706
8.40551178442913
4.22058820451471
2.91666663458333
2.02450977094607
1.57843133912745
2.02450977094607
2.91666663458333
4.22058820451471
5.18137251920098
7.54901958039216
13.9656862534755
18.2892156695637
18.2892156695637
10.362745073402
6.34803918703431
5.76470585311765
4.5637254597598
2.4705882027647
1.57843133912745
1.13235290730882
1.57843133912745
2.91666663458333
3.77450977269608
6.93137252095098
6.34803918703431
10.362745073402
16.1960784125686
18.9068627290049
12.9362744877402
8.40551178442913
5.18137251920098
3.77450977269608
2.4705882027647
2.02450977094607
1.13235290730882
2.02450977094607
2.91666663458333
4.87254898948039
8.09803918878431
8.68083001320652
12.6960784090686
17.60627528625
13.4509803706078
11.9754901730539
8.95588232689706
5.18137251920098
2.91666663458333
2.4705882027647
2.4705882027647
2.91666663458333
3.77450977269608
4.87254898948039
9.91666664158334
8.40551178442913
11.0490195838922
12.6960784090686
10.8088235052206
10.6029411520735
10.1225489947304
7.24019605067156
3.77450977269608
3.77450977269608
4.5637254597598
5.18137251920098
5.76470585311765
9.91666664158334
10.6029411520735
8.68083001320652
11.7352940943824
16.9120553178804
11.0490195838922
8.95588232689706
8.68083001320652
6.93137252095098
5.45588232339705
5.76470585311765
6.6568627167549
7.24019605067156
6.93137252095098
11.2892156625637
10.6029411520735
16.1960784125686
14.7205882150147
11.2892156625637
9.91666664158334
9.67647056291177
8.09803918878431
9.91666664158334
9.40196075871569
7.54901958039216
8.95588232689706
12.9362744877402
13.9656862534755
10.362745073402
8.95588232689706
8.68083001320652
11.9754901730539
14.7205882150147
16.9120553178804
16.1960784125686
13.9656862534755
10.8088235052206
10.6029411520735
9.91666664158334
11.9754901730539
18.2892156695637
16.1960784125686
16.1960784125686
16.9120553178804
22.9215686153726
22.681372536701
22.681372536701
22.9215686153726
22.681372536701
20.7941176328529
19.5588235139706
20.7941176328529
15.4754901765539
14.7205882150147
17.60627528625
20.1764705734118
22.4411764580294
23.4362744982402
20.7941176328529
18.2892156695637
17.60627528625
18.2892156695637
11.5294117412353
9.64215683738726
10.362745073402
10.8088235052206
15.4754901765539
18.2892156695637
20.7941176328529
23.4362744982402
22.4411764580294
15.4754901765539
13.4509803706078
14.7205882150147
10.362745073402
8.95588232689706
9.40196075871569
10.6029411520735
11.4950980157108
13.4509803706078
16.9120553178804
19.5588235139706
20.7941176328529
23.4362744982402
14.7205882150147
11.5294117412353
11.7352940943824
10.8088235052206
7.82352938458823
9.16176468004412
10.6029411520735
20.1764705734118
21.9264705751618
22.9215686153726
10.8088235052206
9.64215683738726
11.5294117412353
8.09803918878431
7.54901958039216
9.16176468004412
8.95588232689706
8.09803918878431
8.09803918878431
9.91666664158334
11.7352940943824
14.7205882150147
22.681372536701
21.9264705751618
10.362745073402
9.40196075871569
10.8088235052206
9.91666664158334
6.34803918703431
6.96568624647549
7.54901958039216
5.18137251920098
6.07352938283823
7.82352938458823
8.13235291430882
8.68083001320652
9.40196075871569
12.9362744877402
22.9215686153726
20.7941176328529
10.8088235052206
9.16176468004412
9.88235291605883
6.07352938283823
5.76470585311765
5.18137251920098
4.87254898948039
5.76470585311765
10.1225489947304
9.91666664158334
9.67647056291177
11.4950980157108
16.9120553178804
23.1960784195686
22.681372536701
19.5588235139706
11.2892156625637
8.13235291430882
8.68083001320652
5.18137251920098
4.22058820451471
3.77450977269608
3.77450977269608
3.77450977269608
5.76470585311765
8.09803918878431
9.67647056291177
11.5294117412353
11.9754901730539
14.7205882150147
22.1666666538333
22.4411764580294
18.9068627290049
16.1960784125686
8.95588232689706
6.6568627167549
7.54901958039216
4.22058820451471
3.32843134087745
1.57843133912745
1.57843133912745
3.77450977269608
5.18137251920098
6.34803918703431
6.93137252095098
10.362745073402
12.2156862517255
14.7205882150147
21.9264705751618
22.4411764580294
17.60627528625
13.4509803706078
10.6029411520735
7.24019605067156
6.07352938283823
5.18137251920098
3.77450977269608
1.13235290730882
1.57843133912745
3.77450977269608
4.87254898948039
7.54901958039216
6.34803918703431
8.40551178442913
13.9656862534755
14.7205882150147
22.1666666538333
22.681372536701
18.2892156695637
11.0490195838922
11.2892156625637
9.91666664158334
8.09803918878431
6.07352938283823
4.5637254597598
3.77450977269608
3.77450977269608
4.87254898948039
5.76470585311765
8.68083001320652
8.09803918878431
11.2892156625637
18.2892156695637
22.4411764580294
23.1960784195686
17.60627528625
11.2892156625637
9.91666664158334
9.91666664158334
10.1225489947304
5.76470585311765
5.18137251920098
5.18137251920098
5.76470585311765
6.07352938283823
9.16176468004412
10.1225489947304
9.16176468004412
9.91666664158334
20.1764705734118
22.9215686153726
12.2156862517255
9.64215683738726
8.95588232689706
8.37254899298039
8.40551178442913
6.6568627167549
6.07352938283823
7.24019605067156
7.82352938458823
6.96568624647549
6.07352938283823
9.67647056291177
10.8088235052206
9.40196075871569
9.91666664158334
20.7941176328529
22.9215686153726
14.7205882150147
11.5294117412353
9.67647056291177
9.16176468004412
8.13235291430882
8.40551178442913
9.40196075871569
7.54901958039216
7.24019605067156
11.2892156625637
9.40196075871569
10.362745073402
22.681372536701
21.9264705751618
20.1764705734118
10.6029411520735
8.95588232689706
7.82352938458823
10.362745073402
10.6029411520735
10.6029411520735
13.4509803706078
23.4362744982402
20.7941176328529
18.2892156695637
14.7205882150147
12.4558823303971
11.7352940943824
10.6029411520735
8.95588232689706
8.68083001320652
10.362745073402
13.4509803706078
12.2156862517255
14.7205882150147
20.7941176328529
23.4362744982402
20.7941176328529
16.9120553178804
12.6960784090686
11.2892156625637
9.88235291605883
9.40196075871569
11.5294117412353
17.60627528625
17.60627528625
18.2892156695637
20.7941176328529
23.4362744982402
22.1666666538333
19.5588235139706
16.9120553178804
16.9120553178804
15.4754901765539
20.7941176328529
19.5588235139706
20.1764705734118
22.4411764580294
22.9215686153726
22.4411764580294
22.9215686153726
22.9215686153726
28.5147058758676
28.7892156800637
31.8431372517451
29.681372543701
30.2990196031422
28.5147058758676
28.5147058758676
31.431372545451
30.5735294073382
30.5735294073382
26.6960784230686
27.3137254825098
28.5147058758676
28.7892156800637
28.7892156800637
28.7892156800637
26.1470588146765
26.1470588146765
29.0637254842598
28.7892156800637
26.6960784230686
26.6960784230686
26.6960784230686
27.3137254825098
27.8970588164265
26.6960784230686
28.2058823461471
26.6960784230686
28.5147058758676
26.6960784230686
25.6666666573333
26.6960784230686
25.6666666573333
27.3137254825098
24.9117646957941
23.6764705769118
24.1568627342549
25.1519607744657
25.6666666573333
25.6666666573333
26.4566929048425
26.6960784230686
27.3137254825098
27.8970588164265
26.6960784230686
28.5147058758676
28.7892156800637
26.6960784230686
27.3137254825098
25.1519607744657
25.1519607744657
26.1470588146765
22.9215686153726
22.681372536701
22.1666666538333
22.9215686153726
22.9215686153726
23.4362744982402
24.431372538451
25.6666666573333
24.9117646957941
25.6666666573333
25.6666666573333
26.6960784230686
27.0049019527892
28.2058823461471
28.7892156800637
27.3137254825098
27.5882352867059
25.6666666573333
25.1519607744657
26.1470588146765
25.4264705786618
20.7941176328529
19.5588235139706
19.5588235139706
20.7941176328529
21.9264705751618
22.9215686153726
23.4362744982402
28.5147058758676
29.3725490139804
25.6666666573333
28.2058823461471
29.3725490139804
28.5147058758676
27.8970588164265
25.6666666573333
24.6715686171225
24.6715686171225
22.9215686153726
16.1960784125686
15.4754901765539
16.9120553178804
18.9411764545294
21.9264705751618
20.7941176328529
19.5588235139706
20.7941176328529
22.4411764580294
20.7941176328529
24.1568627342549
26.6960784230686
30.9509803881078
28.2058823461471
31.8431372517451
27.3137254825098
25.6666666573333
24.431372538451
23.6764705769118
22.681372536701
13.4509803706078
12.9362744877402
13.9656862534755
16.9120553178804
16.1960784125686
11.0490195838922
11.0490195838922
11.0490195838922
11.9754901730539
13.4509803706078
16.9120553178804
19.5588235139706
22.4411764580294
23.6764705769118
28.2058823461471
28.5147058758676
32.7352941153824
26.4566929048425
26.6960784230686
25.4264705786618
24.1911764597794
22.9215686153726
14.7205882150147
11.7352940943824
11.7352940943824
13.4509803706078
11.9754901730539
9.16176468004412
9.64215683738726
10.1225489947304
10.8088235052206
11.7352940943824
13.9656862534755
13.9656862534755
17.60627528625
20.1764705734118
23.4362744982402
24.9117646957941
25.1519607744657
26.1470588146765
30.9852941136324
25.6666666573333
26.1470588146765
24.6715686171225
23.4362744982402
23.4362744982402
12.4558823303971
10.8088235052206
11.4950980157108
11.5294117412353
8.68083001320652
8.95588232689706
9.88235291605883
10.8088235052206
11.9754901730539
12.6960784090686
14.7205882150147
16.1960784125686
16.9120553178804
18.9411764545294
21.9264705751618
23.6764705769118
25.1862744999902
27.3137254825098
29.0637254842598
28.5147058758676
27.3137254825098
24.1568627342549
23.6764705769118
22.4411764580294
22.1666666538333
19.5588235139706
10.362745073402
9.91666664158334
11.5294117412353
9.16176468004412
8.13235291430882
9.16176468004412
20.1764705734118
20.1764705734118
20.1764705734118
22.9215686153726
24.431372538451
26.4566929048425
28.2058823461471
28.7892156800637
27.3137254825098
29.681372543701
28.2058823461471
24.6715686171225
21.9264705751618
20.1764705734118
20.7941176328529
17.60627528625
9.67647056291177
9.40196075871569
11.0490195838922
9.91666664158334
8.09803918878431
7.54901958039216
8.95588232689706
8.68083001320652
8.40551178442913
8.40551178442913
9.64215683738726
11.2892156625637
16.1960784125686
22.4411764580294
22.1666666538333
23.6764705769118
25.6666666573333
27.5882352867059
29.0637254842598
27.3137254825098
27.3137254825098
26.6960784230686
23.6764705769118
19.5588235139706
17.60627528625
18.9068627290049
9.16176468004412
8.95588232689706
9.91666664158334
8.68083001320652
7.54901958039216
7.82352938458823
7.54901958039216
8.68083001320652
8.95588232689706
9.40196075871569
9.91666664158334
14.7205882150147
23.6764705769118
22.9215686153726
24.6715686171225
26.1470588146765
26.1470588146765
28.5147058758676
25.1519607744657
28.2058823461471
23.9166666555833
18.2892156695637
16.9120553178804
16.1960784125686
9.67647056291177
8.37254899298039
8.95588232689706
10.1225489947304
9.91666664158334
10.1225489947304
10.8088235052206
18.9068627290049
23.9166666555833
24.6715686171225
25.1862744999902
25.9068627360049
28.7892156800637
28.2058823461471
25.6666666573333
25.1519607744657
25.1519607744657
18.2892156695637
13.9656862534755
12.9362744877402
10.8088235052206
7.82352938458823
7.24019605067156
8.95588232689706
11.5294117412353
10.8088235052206
11.2892156625637
11.7352940943824
22.1666666538333
25.6666666573333
25.6666666573333
27.3137254825098
28.5147058758676
28.7892156800637
26.1470588146765
25.6666666573333
25.6666666573333
25.1519607744657
17.60627528625
12.9362744877402
11.9754901730539
12.4558823303971
9.16176468004412
7.54901958039216
6.96568624647549
9.16176468004412
12.2156862517255
11.9754901730539
12.4558823303971
18.9068627290049
25.1519607744657
25.9068627360049
25.6666666573333
27.3137254825098
28.5147058758676
28.7892156800637
24.9117646957941
25.1519607744657
24.9117646957941
22.681372536701
12.4558823303971
11.7352940943824
11.0490195838922
11.4950980157108
7.82352938458823
7.24019605067156
7.82352938458823
10.6029411520735
12.9362744877402
13.4509803706078
18.2892156695637
24.9117646957941
25.6666666573333
27.3137254825098
28.7892156800637
28.7892156800637
26.6960784230686
27.0049019527892
25.1519607744657
24.9117646957941
19.5588235139706
11.5294117412353
10.362745073402
10.1225489947304
10.362745073402
8.09803918878431
8.95588232689706
8.37254899298039
9.67647056291177
16.9120553178804
15.4754901765539
17.60627528625
22.1666666538333
26.1470588146765
28.2058823461471
28.7892156800637
27.8970588164265
26.6960784230686
24.6715686171225
24.1568627342549
23.6764705769118
15.4754901765539
10.1225489947304
9.67647056291177
8.95588232689706
8.95588232689706
7.82352938458823
7.82352938458823
7.54901958039216
9.16176468004412
9.91666664158334
8.95588232689706
9.16176468004412
16.1960784125686
18.2892156695637
16.9120553178804
20.7941176328529
22.9215686153726
26.4566929048425
28.2058823461471
28.5147058758676
25.1519607744657
27.3137254825098
26.1470588146765
23.9166666555833
22.4411764580294
22.4411764580294
16.1960784125686
11.2892156625637
9.91666664158334
9.40196075871569
8.40551178442913
8.09803918878431
8.95588232689706
7.54901958039216
7.54901958039216
10.1225489947304
11.0490195838922
9.16176468004412
9.40196075871569
16.1960784125686
20.7941176328529
20.1764705734118
22.4411764580294
24.431372538451
27.8970588164265
29.0637254842598
24.1568627342549
26.6960784230686
25.6666666573333
24.431372538451
22.9215686153726
21.9264705751618
20.7941176328529
20.1764705734118
9.67647056291177
7.82352938458823
8.68083001320652
11.2892156625637
9.91666664158334
10.362745073402
18.2892156695637
22.1666666538333
21.9264705751618
22.9215686153726
24.431372538451
28.7892156800637
28.2058823461471
29.681372543701
26.6960784230686
25.6666666573333
23.6764705769118
22.1666666538333
19.5588235139706
16.9120553178804
16.1960784125686
13.9656862534755
12.9362744877402
11.9754901730539
11.0490195838922
9.67647056291177
8.95588232689706
8.37254899298039
10.8088235052206
11.0490195838922
10.6029411520735
11.0490195838922
22.681372536701
22.1666666538333
23.4362744982402
24.6715686171225
26.6960784230686
30.9852941136324
30.5735294073382
27.3137254825098
24.9117646957941
22.9215686153726
20.7941176328529
18.2892156695637
14.7205882150147
12.6960784090686
11.4950980157108
10.8088235052206
10.1225489947304
9.67647056291177
9.16176468004412
11.5294117412353
13.4509803706078
11.4950980157108
11.2892156625637
16.9120553178804
22.681372536701
23.4362744982402
25.1519607744657
24.6715686171225
27.8970588164265
31.431372545451
29.9901960734216
28.5147058758676
24.431372538451
22.4411764580294
20.1764705734118
15.4754901765539
13.4509803706078
11.7352940943824
11.0490195838922
10.362745073402
11.7352940943824
15.4754901765539
16.1960784125686
13.4509803706078
12.4558823303971
12.4558823303971
22.1666666538333
23.1960784195686
24.1568627342549
25.1519607744657
26.4222440859104
28.7892156800637
28.2058823461471
29.9901960734216
25.6666666573333
25.6666666573333
22.1666666538333
21.9264705751618
20.1764705734118
18.2892156695637
20.7941176328529
18.9411764545294
16.9120553178804
14.7205882150147
18.2892156695637
20.7941176328529
24.431372538451
24.431372538451
25.6666666573333
27.0049019527892
26.4566929048425
29.3725490139804
28.5147058758676
28.5147058758676
28.5147058758676
28.5147058758676
23.4362744982402
22.1666666538333
20.7941176328529
19.5588235139706
20.1764705734118
18.2892156695637
20.1764705734118
25.1519607744657
24.6715686171225
25.6666666573333
27.3137254825098
26.6960784230686
27.3137254825098
28.5147058758676
28.7892156800637
28.5147058758676
26.6960784230686
25.6666666573333
23.6764705769118
24.6715686171225
23.4362744982402
23.1960784195686
22.9215686153726
22.9215686153726
22.4411764580294
22.681372536701
22.4411764580294
25.6666666573333
26.4566929048425
25.1519607744657
26.6960784230686
25.1519607744657
27.8970588164265
28.5147058758676
27.0049019527892
27.3137254825098
25.6666666573333
26.1470588146765
25.4264705786618
25.1519607744657
24.6715686171225
24.431372538451
23.9166666555833
24.431372538451
24.9117646957941
27.3137254825098
24.431372538451
27.3137254825098
25.1519607744657
25.6666666573333
28.2058823461471
28.2058823461471
27.8970588164265
27.3137254825098
27.5882352867059
26.6960784230686
25.6666666573333
26.4566929048425
25.1519607744657
26.6960784230686
29.0637254842598
25.1519607744657
26.6960784230686
26.6960784230686
27.3137254825098
28.2058823461471
29.3725490139804
28.2058823461471
28.7892156800637
26.6960784230686
26.6960784230686
27.3137254825098
26.6960784230686
28.2058823461471
29.0637254842598
29.0637254842598
28.2058823461471
28.5147058758676
28.5147058758676
22.4411764580294
24.6715686171225
27.3137254825098
31.8431372517451
27.3137254825098
23.1960784195686
22.9215686153726
35
22.4411764580294
22.4411764580294
22.4411764580294
24.9117646957941
27.3137254825098
24.6715686171225
23.4362744982402
23.1960784195686
22.9215686153726
23.4362744982402
23.9166666555833
24.1568627342549
22.4411764580294
22.1666666538333
22.4411764580294
22.681372536701
25.1519607744657
27.3137254825098
23.9166666555833
22.9215686153726
22.9215686153726
22.9215686153726
23.4362744982402
23.9166666555833
23.6764705769118
23.6764705769118
22.9215686153726
22.9215686153726
22.9215686153726
22.9215686153726
22.1666666538333
22.4411764580294
22.9215686153726
24.1568627342549
25.6666666573333
22.4411764580294
20.7941176328529
20.7941176328529
22.1666666538333
22.4411764580294
22.9215686153726
23.1960784195686
23.4362744982402
23.1960784195686
23.6764705769118
23.6764705769118
22.681372536701
22.681372536701
22.9215686153726
22.4411764580294
22.9215686153726
22.9215686153726
22.9215686153726
24.9117646957941
18.9068627290049
20.1764705734118
18.9068627290049
20.7941176328529
21.4460784178186
22.1666666538333
22.9215686153726
23.6764705769118
24.431372538451
25.1519607744657
25.1519607744657
24.431372538451
24.431372538451
23.4362744982402
22.4411764580294
22.9215686153726
22.681372536701
22.9215686153726
22.9215686153726
22.9215686153726
24.9117646957941
18.9068627290049
13.9656862534755
15.4754901765539
16.9120553178804
19.5588235139706
21.9264705751618
22.9215686153726
28.5147058758676
26.1470588146765
23.9166666555833
23.9166666555833
24.6715686171225
23.4362744982402
22.9215686153726
22.9215686153726
23.1960784195686
20.7941176328529
12.4558823303971
12.6960784090686
13.4509803706078
16.9120553178804
20.1764705734118
18.2892156695637
12.9362744877402
12.4558823303971
12.9362744877402
12.6960784090686
14.7205882150147
20.7941176328529
23.6764705769118
27.3137254825098
31.431372545451
22.4411764580294
25.1519607744657
23.9166666555833
22.9215686153726
22.681372536701
23.6764705769118
12.6960784090686
11.7352940943824
11.9754901730539
13.4509803706078
11.5294117412353
10.8088235052206
10.8088235052206
11.0490195838922
11.7352940943824
12.4558823303971
13.4509803706078
16.1960784125686
18.2892156695637
22.4411764580294
23.4362744982402
28.7892156800637
24.431372538451
22.9215686153726
22.681372536701
22.681372536701
22.1666666538333
22.9215686153726
20.7941176328529
11.0490195838922
11.0490195838922
11.5294117412353
13.4509803706078
12.6960784090686
9.91666664158334
9.64215683738726
10.362745073402
10.362745073402
11.0490195838922
11.9754901730539
12.6960784090686
13.9656862534755
16.1960784125686
18.2892156695637
20.7941176328529
22.4411764580294
22.9215686153726
26.6960784230686
27.3137254825098
22.9215686153726
22.681372536701
22.1666666538333
21.9264705751618
22.1666666538333
16.9120553178804
10.362745073402
10.362745073402
11.7352940943824
9.67647056291177
9.16176468004412
9.91666664158334
10.362745073402
11.7352940943824
12.4558823303971
13.4509803706078
14.7205882150147
16.1960784125686
17.60627528625
18.9411764545294
20.7941176328529
22.1666666538333
23.4362744982402
23.4362744982402
23.4362744982402
25.1519607744657
23.6764705769118
20.7941176328529
20.1764705734118
19.5588235139706
13.4509803706078
9.88235291605883
9.91666664158334
11.2892156625637
10.1225489947304
8.95588232689706
9.16176468004412
9.67647056291177
10.6029411520735
10.8088235052206
11.9754901730539
20.7941176328529
20.7941176328529
20.7941176328529
22.1666666538333
22.4411764580294
22.9215686153726
22.9215686153726
22.9215686153726
22.1666666538333
24.1568627342549
24.1568627342549
18.9068627290049
18.2892156695637
17.60627528625
19.5588235139706
12.4558823303971
9.40196075871569
9.91666664158334
9.16176468004412
9.16176468004412
8.95588232689706
9.91666664158334
9.67647056291177
11.9754901730539
18.2892156695637
22.681372536701
22.681372536701
22.4411764580294
22.9215686153726
22.9215686153726
22.4411764580294
21.9264705751618
23.6764705769118
23.6764705769118
16.9120553178804
16.1960784125686
14.7205882150147
16.9120553178804
12.6960784090686
9.16176468004412
9.40196075871569
9.16176468004412
9.88235291605883
9.88235291605883
9.88235291605883
11.5294117412353
18.2892156695637
23.9166666555833
22.4411764580294
22.681372536701
22.4411764580294
22.1666666538333
21.9264705751618
22.4411764580294
26.1470588146765
25.6666666573333
17.60627528625
13.9656862534755
12.9362744877402
13.9656862534755
9.67647056291177
9.16176468004412
10.1225489947304
10.1225489947304
10.6029411520735
12.4558823303971
17.60627528625
23.6764705769118
22.681372536701
22.4411764580294
22.4411764580294
21.9264705751618
22.1666666538333
24.431372538451
20.1764705734118
12.6960784090686
12.2156862517255
12.2156862517255
10.8088235052206
8.95588232689706
9.67647056291177
11.5294117412353
11.0490195838922
11.4950980157108
12.4558823303971
23.6764705769118
25.6666666573333
22.9215686153726
22.681372536701
22.9215686153726
22.1666666538333
22.1666666538333
22.681372536701
25.6666666573333
23.6764705769118
12.6960784090686
11.7352940943824
11.0490195838922
11.5294117412353
9.67647056291177
9.16176468004412
10.6029411520735
12.2156862517255
11.9754901730539
12.4558823303971
19.5588235139706
24.6715686171225
22.681372536701
23.1960784195686
22.1666666538333
22.9215686153726
22.9215686153726
23.4362744982402
20.7941176328529
12.4558823303971
11.5294117412353
10.362745073402
10.362745073402
8.95588232689706
9.67647056291177
13.4509803706078
12.6960784090686
13.4509803706078
16.1960784125686
25.1519607744657
26.4566929048425
23.1960784195686
23.4362744982402
22.1666666538333
22.1666666538333
22.4411764580294
22.4411764580294
23.4362744982402
16.9120553178804
11.0490195838922
10.362745073402
9.91666664158334
9.91666664158334
9.16176468004412
9.67647056291177
9.91666664158334
12.6960784090686
16.9120553178804
14.7205882150147
15.4754901765539
16.1960784125686
22.9215686153726
23.9166666555833
22.681372536701
22.681372536701
22.4411764580294
22.681372536701
22.1666666538333
22.4411764580294
22.9215686153726
17.60627528625
11.2892156625637
9.91666664158334
9.91666664158334
8.95588232689706
9.16176468004412
9.16176468004412
9.91666664158334
9.64215683738726
12.4558823303971
17.60627528625
17.60627528625
18.2892156695637
23.6764705769118
24.6715686171225
22.9215686153726
22.4411764580294
22.681372536701
22.9215686153726
21.9264705751618
20.7941176328529
20.7941176328529
20.7941176328529
11.9754901730539
10.6029411520735
10.6029411520735
9.67647056291177
9.16176468004412
8.95588232689706
9.91666664158334
9.91666664158334
9.88235291605883
12.9362744877402
19.5588235139706
19.5588235139706
19.5588235139706
24.6715686171225
26.6960784230686
22.4411764580294
22.681372536701
23.4362744982402
22.681372536701
21.4460784178186
20.1764705734118
18.2892156695637
17.60627528625
16.1960784125686
14.7205882150147
13.4509803706078
12.4558823303971
11.4950980157108
10.362745073402
9.88235291605883
9.16176468004412
9.16176468004412
11.7352940943824
10.362745073402
10.362745073402
16.9120553178804
20.7941176328529
20.7941176328529
21.4460784178186
23.9166666555833
26.6960784230686
24.9117646957941
27.3137254825098
23.9166666555833
21.9264705751618
20.7941176328529
17.60627528625
16.1960784125686
13.4509803706078
12.4558823303971
12.4558823303971
11.2892156625637
10.1225489947304
9.64215683738726
9.40196075871569
9.91666664158334
12.6960784090686
11.7352940943824
10.8088235052206
11.0490195838922
18.9068627290049
22.9215686153726
22.1666666538333
22.1666666538333
22.4411764580294
22.681372536701
26.1470588146765
29.3725490139804
24.6715686171225
20.7941176328529
17.60627528625
18.2892156695637
12.9362744877402
12.2156862517255
11.7352940943824
11.0490195838922
10.6029411520735
10.362745073402
11.5294117412353
14.7205882150147
13.4509803706078
11.7352940943824
11.4950980157108
12.4558823303971
23.6764705769118
22.4411764580294
22.681372536701
23.9166666555833
25.1519607744657
22.1666666538333
31.431372545451
27.3137254825098
23.4362744982402
20.1764705734118
16.1960784125686
12.6960784090686
12.2156862517255
13.4509803706078
15.4754901765539
18.2892156695637
20.1764705734118
16.9120553178804
12.9362744877402
12.6960784090686
12.2156862517255
16.1960784125686
22.9215686153726
22.9215686153726
23.4362744982402
22.9215686153726
24.1568627342549
26.1470588146765
24.1568627342549
26.4566929048425
28.5147058758676
24.9117646957941
21.4460784178186
19.5588235139706
16.1960784125686
14.7205882150147
13.4509803706078
19.5588235139706
24.9117646957941
22.681372536701
22.4411764580294
22.9215686153726
22.4411764580294
23.6764705769118
22.4411764580294
24.1568627342549
24.9117646957941
24.1568627342549
24.9117646957941
24.6715686171225
24.1568627342549
23.6764705769118
22.681372536701
21.9264705751618
20.7941176328529
19.5588235139706
18.9068627290049
16.9120553178804
17.60627528625
24.431372538451
24.1568627342549
23.4362744982402
22.681372536701
22.4411764580294
22.4411764580294
22.4411764580294
23.4362744982402
22.1666666538333
22.681372536701
22.681372536701
22.681372536701
22.681372536701
22.4411764580294
22.1666666538333
22.681372536701
20.7941176328529
20.7941176328529
20.1764705734118
24.9117646957941
24.9117646957941
22.4411764580294
22.681372536701
21.9264705751618
21.4460784178186
22.1666666538333
22.681372536701
22.1666666538333
22.1666666538333
22.9215686153726
22.9215686153726
23.6764705769118
22.9215686153726
22.681372536701
21.9264705751618
22.9215686153726
26.4566929048425
25.6666666573333
22.681372536701
22.1666666538333
21.9264705751618
21.9264705751618
21.9264705751618
22.1666666538333
22.9215686153726
24.1568627342549
23.4362744982402
22.9215686153726
25.1519607744657
25.1519607744657
24.9117646957941
22.4411764580294
22.9215686153726
22.1666666538333
22.681372536701
22.681372536701
22.9215686153726
26.6960784230686
30.9852941136324
28.7892156800637
25.6666666573333
22.4411764580294
22.4411764580294
21.9264705751618
22.9215686153726
23.9166666555833
23.9166666555833
24.431372538451
25.6666666573333
23.6764705769118
28.7892156800637
30.9509803881078
29.681372543701
26.4222440859104
26.1470588146765
25.6666666573333
26.6960784230686
24.1568627342549
27.3137254825098
27.8970588164265
25.6666666573333
24.6715686171225
25.6666666573333
25.9068627360049
26.4566929048425
26.6960784230686
26.6960784230686
25.6666666573333
27.3137254825098
28.2058823461471
26.1470588146765
22.1666666538333
27.3137254825098
25.1862744999902
25.6666666573333
24.431372538451
27.3137254825098
25.1519607744657
24.1568627342549
24.6715686171225
25.1862744999902
25.1519607744657
25.6666666573333
25.1519607744657
26.6960784230686
25.6666666573333
26.6960784230686
26.4566929048425
22.9215686153726
22.681372536701
27.8970588164265
26.4566929048425
25.6666666573333
24.1911764597794
25.1519607744657
22.681372536701
23.6764705769118
23.4362744982402
23.4362744982402
23.6764705769118
23.9166666555833
24.6715686171225
24.6715686171225
24.9117646957941
24.6715686171225
25.6666666573333
24.9117646957941
24.6715686171225
28.5147058758676
22.681372536701
25.6666666573333
26.1470588146765
25.6666666573333
24.431372538451
24.9117646957941
20.7941176328529
22.1666666538333
21.9264705751618
22.681372536701
22.681372536701
22.9215686153726
23.4362744982402
24.431372538451
24.6715686171225
26.1470588146765
26.1470588146765
25.6666666573333
25.4264705786618
27.8970588164265
24.6715686171225
27.8970588164265
25.6666666573333
25.9068627360049
24.9117646957941
23.6764705769118
19.5588235139706
18.2892156695637
19.5588235139706
19.5588235139706
20.1764705734118
20.7941176328529
22.1666666538333
20.7941176328529
22.1666666538333
22.1666666538333
23.6764705769118
26.4566929048425
30.9509803881078
25.1519607744657
29.3725490139804
27.3137254825098
26.6960784230686
24.9117646957941
24.431372538451
24.6715686171225
23.4362744982402
14.7205882150147
16.1960784125686
17.60627528625
18.9411764545294
18.2892156695637
18.2892156695637
12.6960784090686
13.9656862534755
13.9656862534755
15.4754901765539
18.9411764545294
20.7941176328529
22.9215686153726
25.6666666573333
25.1519607744657
29.3725490139804
28.2058823461471
25.6666666573333
25.6666666573333
24.431372538451
23.4362744982402
16.9120553178804
14.7205882150147
12.9362744877402
14.7205882150147
14.7205882150147
11.7352940943824
11.9754901730539
12.4558823303971
12.2156862517255
13.9656862534755
17.60627528625
16.9120553178804
20.1764705734118
21.9264705751618
22.9215686153726
24.6715686171225
26.6960784230686
28.7892156800637
32.2892156835637
29.681372543701
25.6666666573333
24.431372538451
23.4362744982402
22.681372536701
12.6960784090686
12.2156862517255
12.4558823303971
12.2156862517255
11.4950980157108
11.4950980157108
11.7352940943824
12.2156862517255
11.9754901730539
12.4558823303971
14.7205882150147
18.2892156695637
20.1764705734118
21.9264705751618
22.9215686153726
24.431372538451
25.1862744999902
26.1470588146765
27.8970588164265
26.4566929048425
30.5735294073382
26.1470588146765
25.1862744999902
24.1568627342549
22.681372536701
22.4411764580294
12.4558823303971
11.9754901730539
11.7352940943824
17.60627528625
20.1764705734118
20.1764705734118
22.4411764580294
23.4362744982402
24.9117646957941
26.4566929048425
25.1519607744657
27.3137254825098
26.4566929048425
28.2058823461471
27.3137254825098
23.4362744982402
23.6764705769118
21.9264705751618
20.1764705734118
11.9754901730539
11.4950980157108
12.4558823303971
13.4509803706078
21.9264705751618
22.681372536701
23.4362744982402
24.1911764597794
25.1519607744657
26.6960784230686
27.8970588164265
26.6960784230686
25.6666666573333
23.1960784195686
22.1666666538333
20.7941176328529
18.9068627290049
11.4950980157108
11.4950980157108
11.4950980157108
11.4950980157108
12.9362744877402
19.5588235139706
23.4362744982402
23.9166666555833
24.1911764597794
25.1519607744657
26.6960784230686
22.1666666538333
26.4566929048425
23.6764705769118
24.6715686171225
20.7941176328529
18.9411764545294
18.2892156695637
11.9754901730539
11.7352940943824
12.2156862517255
13.9656862534755
20.7941176328529
23.9166666555833
24.431372538451
25.1862744999902
25.6666666573333
22.4411764580294
22.1666666538333
26.1470588146765
24.431372538451
23.6764705769118
20.1764705734118
16.9120553178804
14.7205882150147
13.9656862534755
11.9754901730539
12.2156862517255
13.4509803706078
14.7205882150147
22.4411764580294
24.1911764597794
25.1519607744657
26.6960784230686
25.1519607744657
22.4411764580294
25.1519607744657
24.9117646957941
24.431372538451
18.2892156695637
15.4754901765539
13.9656862534755
12.2156862517255
11.7352940943824
11.7352940943824
12.2156862517255
13.4509803706078
16.1960784125686
20.7941176328529
24.6715686171225
25.1519607744657
25.6666666573333
24.1568627342549
23.6764705769118
25.6666666573333
25.1519607744657
24.431372538451
25.1862744999902
22.9215686153726
14.7205882150147
12.6960784090686
12.4558823303971
11.9754901730539
12.9362744877402
14.7205882150147
16.1960784125686
18.2892156695637
22.9215686153726
24.6715686171225
27.3137254825098
24.431372538451
22.681372536701
26.4566929048425
26.1470588146765
24.6715686171225
24.1568627342549
20.1764705734118
12.6960784090686
12.6960784090686
11.7352940943824
12.2156862517255
17.60627528625
18.2892156695637
20.1764705734118
23.6764705769118
24.431372538451
27.5882352867059
23.6764705769118
24.6715686171225
26.4566929048425
24.6715686171225
23.9166666555833
22.9215686153726
18.9068627290049
13.9656862534755
11.9754901730539
11.4950980157108
11.7352940943824
18.2892156695637
20.1764705734118
21.9264705751618
22.9215686153726
26.6960784230686
25.6666666573333
26.6960784230686
25.1519607744657
25.1519607744657
25.1862744999902
24.431372538451
22.9215686153726
21.9264705751618
21.9264705751618
12.9362744877402
12.4558823303971
11.7352940943824
12.2156862517255
21.9264705751618
20.7941176328529
22.681372536701
24.1568627342549
27.3137254825098
28.7892156800637
27.3137254825098
26.6960784230686
27.3137254825098
25.9068627360049
24.6715686171225
22.9215686153726
22.681372536701
22.1666666538333
20.1764705734118
17.60627528625
11.7352940943824
12.4558823303971
16.9120553178804
22.4411764580294
22.1666666538333
22.9215686153726
24.431372538451
26.4566929048425
25.1519607744657
27.8970588164265
25.1519607744657
24.6715686171225
23.9166666555833
22.4411764580294
20.7941176328529
18.9068627290049
17.60627528625
14.7205882150147
12.9362744877402
11.9754901730539
11.7352940943824
11.4950980157108
11.4950980157108
11.4950980157108
11.9754901730539
12.4558823303971
11.9754901730539
12.4558823303971
22.9215686153726
22.9215686153726
23.9166666555833
24.9117646957941
26.6960784230686
30.5735294073382
28.5147058758676
25.1519607744657
24.6715686171225
24.1568627342549
21.4460784178186
18.9411764545294
16.9120553178804
15.4754901765539
13.4509803706078
12.2156862517255
12.2156862517255
11.9754901730539
11.7352940943824
14.7205882150147
14.7205882150147
12.9362744877402
13.9656862534755
15.4754901765539
23.1960784195686
24.431372538451
24.431372538451
25.1862744999902
27.3137254825098
25.1519607744657
22.681372536701
22.9215686153726
21.4460784178186
17.60627528625
18.2892156695637
13.9656862534755
13.4509803706078
13.4509803706078
13.9656862534755
17.60627528625
14.7205882150147
16.1960784125686
16.1960784125686
15.4754901765539
22.681372536701
24.1568627342549
23.9166666555833
24.6715686171225
25.9068627360049
25.9068627360049
29.0637254842598
23.4362744982402
31.431372545451
26.4566929048425
24.1568627342549
21.9264705751618
21.9264705751618
20.7941176328529
22.4411764580294
20.1764705734118
18.9411764545294
18.9068627290049
18.9411764545294
19.5588235139706
19.5588235139706
23.6764705769118
24.9117646957941
25.6666666573333
26.6960784230686
26.6960784230686
29.0637254842598
27.3137254825098
26.4222440859104
25.6666666573333
26.4566929048425
26.6960784230686
23.6764705769118
22.4411764580294
22.1666666538333
21.9264705751618
21.9264705751618
22.1666666538333
21.9264705751618
21.9264705751618
25.1519607744657
26.1470588146765
25.1519607744657
25.6666666573333
26.1470588146765
26.6960784230686
25.6666666573333
26.4566929048425
26.4222440859104
25.9068627360049
25.6666666573333
25.6666666573333
24.6715686171225
24.431372538451
23.6764705769118
23.6764705769118
23.1960784195686
23.4362744982402
23.6764705769118
23.9166666555833
22.9215686153726
24.9117646957941
25.4264705786618
25.6666666573333
25.6666666573333
26.6960784230686
25.6666666573333
25.1519607744657
26.6960784230686
26.1470588146765
25.1519607744657
26.4566929048425
24.9117646957941
25.1519607744657
25.1519607744657
24.431372538451
24.431372538451
25.1519607744657
24.431372538451
25.6666666573333
26.6960784230686
25.6666666573333
25.1519607744657
26.6960784230686
22.4411764580294
24.431372538451
25.1519607744657
26.6960784230686
26.1470588146765
26.6960784230686
26.4566929048425
25.9068627360049
25.6666666573333
25.6666666573333
28.5147058758676
25.1519607744657
25.6666666573333
26.6960784230686
23.6764705769118
24.431372538451
26.6960784230686
25.6666666573333
26.6960784230686
29.9901960734216
29.3725490139804
30.9852941136324
29.0637254842598
26.6960784230686
22.9215686153726
22.681372536701
24.9117646957941
27.3137254825098
25.1519607744657
24.9117646957941
22.681372536701
32.7352941153824
30.5735294073382
32.7352941153824
28.5147058758676
27.8970588164265
29.0637254842598
30.9852941136324
28.2058823461471
29.681372543701
31.431372545451
32.7352941153824
32.7352941153824
32.7352941153824
32.2892156835637
32.7352941153824
28.5147058758676
29.0637254842598
28.7892156800637
32.7352941153824
29.9901960734216
31.8431372517451
32.2892156835637
31.431372545451
32.7352941153824
29.9901960734216
29.9901960734216
28.7892156800637
31.8431372517451
29.3725490139804
27.8970588164265
32.7352941153824
28.5147058758676
32.7352941153824
28.7892156800637
32.7352941153824
28.7892156800637
32.7352941153824
28.5147058758676
29.681372543701
28.7892156800637
29.3725490139804
29.9901960734216
31.431372545451
29.681372543701
28.7892156800637
