-3529.41246823528
4313.72479450981
11372.5483309803
18431.3718674509
18431.3718674509
4313.72479450981
4313.72479450981
11372.5483309803
18431.3718674509
18431.3718674509
11372.5483309803
11372.5483309803
18431.3718674509
18431.3718674509
11372.5483309803
11372.5483309803
11372.5483309803
18431.3718674509
18431.3718674509
11372.5483309803
-13725.490909804
-3529.41246823528
11372.5483309803
18431.3718674509
18431.3718674509
11372.5483309803
11372.5483309803
18431.3718674509
18431.3718674509
18431.3718674509
11372.5483309803
-3529.41246823528
-3529.41246823528
-13725.490909804
11372.5483309803
11372.5483309803
11372.5483309803
18431.3718674509
18431.3718674509
18431.3718674509
18431.3718674509
11372.5483309803
11372.5483309803
4313.72479450981
11372.5483309803
4313.72479450981
11372.5483309803
11372.5483309803
11372.5483309803
18431.3718674509
18431.3718674509
18431.3718674509
18431.3718674509
18431.3718674509
11372.5483309803
11372.5483309803
18431.3718674509
18431.3718674509
18431.3718674509
18431.3718674509
18431.3718674509
18431.3718674509
18431.3718674509
18431.3718674509
18431.3718674509
18431.3718674509
18431.3718674509
18431.3718674509
18431.3718674509
18431.3718674509
24705.881677647
18431.3718674509
18431.3718674509
24705.881677647
18431.3718674509
18431.3718674509
18431.3718674509
18431.3718674509
18431.3718674509
18431.3718674509
18431.3718674509
18431.3718674509
18431.3718674509
18431.3718674509
18431.3718674509
11372.5483309803
18431.3718674509
18431.3718674509
18431.3718674509
18431.3718674509
18431.3718674509
18431.3718674509
18431.3718674509
18431.3718674509
18431.3718674509
18431.3718674509
11372.5483309803
4313.72479450981
-3529.41246823528
11372.5483309803
11372.5483309803
11372.5483309803
18431.3718674509
18431.3718674509
18431.3718674509
18431.3718674509
18431.3718674509
18431.3718674509
11372.5483309803
11372.5483309803
-3529.41246823528
-3529.41246823528
4313.72479450981
11372.5483309803
18431.3718674509
18431.3718674509
11372.5483309803
11372.5483309803
18431.3718674509
18431.3718674509
18431.3718674509
11372.5483309803
-3529.41246823528
-3529.41246823528
11372.5483309803
18431.3718674509
18431.3718674509
11372.5483309803
11372.5483309803
18431.3718674509
24705.881677647
18431.3718674509
18431.3718674509
18431.3718674509
18431.3718674509
18431.3718674509
4313.72479450981
4313.72479450981
11372.5483309803
18431.3718674509
18431.3718674509
11372.5483309803
4313.72479450981
-3529.41246823528
-3529.41246823528
4313.72479450981
-13725.490909804
-3529.41246823528
18431.3718674509
24705.881677647
24705.881677647
24705.881677647
18431.3718674509
4313.72479450981
4313.72479450981
11372.5483309803
24705.881677647
24705.881677647
18431.3718674509
11372.5483309803
11372.5483309803
18431.3718674509
18431.3718674509
11372.5483309803
11372.5483309803
18431.3718674509
18431.3718674509
18431.3718674509
4313.72479450981
-23921.5693513726
-3529.41246823528
4313.72479450981
18431.3718674509
18431.3718674509
18431.3718674509
18431.3718674509
18431.3718674509
18431.3718674509
11372.5483309803
4313.72479450981
-3529.41246823528
4313.72479450981
-23921.5693513726
-3529.41246823528
11372.5483309803
11372.5483309803
18431.3718674509
18431.3718674509
18431.3718674509
18431.3718674509
18431.3718674509
11372.5483309803
11372.5483309803
11372.5483309803
18431.3718674509
11372.5483309803
18431.3718674509
11372.5483309803
11372.5483309803
18431.3718674509
18431.3718674509
18431.3718674509
18431.3718674509
18431.3718674509
18431.3718674509
18431.3718674509
18431.3718674509
24705.881677647
31764.7052141177
24705.881677647
18431.3718674509
18431.3718674509
18431.3718674509
18431.3718674509
18431.3718674509
18431.3718674509
18431.3718674509
18431.3718674509
18431.3718674509
18431.3718674509
24705.881677647
24705.881677647
18431.3718674509
18431.3718674509
18431.3718674509
18431.3718674509
18431.3718674509
18431.3718674509
18431.3718674509
18431.3718674509
18431.3718674509
18431.3718674509
18431.3718674509
18431.3718674509
18431.3718674509
11372.5483309803
11372.5483309803
11372.5483309803
18431.3718674509
18431.3718674509
18431.3718674509
18431.3718674509
18431.3718674509
11372.5483309803
11372.5483309803
4313.72479450981
-13725.490909804
4313.72479450981
4313.72479450981
18431.3718674509
18431.3718674509
18431.3718674509
18431.3718674509
18431.3718674509
18431.3718674509
18431.3718674509
11372.5483309803
-3529.41246823528
-13725.490909804
-13725.490909804
4313.72479450981
18431.3718674509
24705.881677647
18431.3718674509
11372.5483309803
18431.3718674509
18431.3718674509
18431.3718674509
18431.3718674509
11372.5483309803
31764.7052141177
24705.881677647
11372.5483309803
4313.72479450981
4313.72479450981
18431.3718674509
24705.881677647
24705.881677647
24705.881677647
11372.5483309803
-3529.41246823528
-3529.41246823528
11372.5483309803
38823.5287505882
72549.0189803922
4313.72479450981
18431.3718674509
31764.7052141177
45098.0385607843
4313.72479450981
-13725.490909804
4313.72479450981
18431.3718674509
31764.7052141177
38823.5287505882
18431.3718674509
24705.881677647
31764.7052141177
18431.3718674509
4313.72479450981
11372.5483309803
18431.3718674509
31764.7052141177
-3529.41246823528
4313.72479450981
18431.3718674509
18431.3718674509
18431.3718674509
11372.5483309803
18431.3718674509
18431.3718674509
18431.3718674509
11372.5483309803
-13725.490909804
-13725.490909804
-3529.41246823528
11372.5483309803
18431.3718674509
18431.3718674509
18431.3718674509
18431.3718674509
18431.3718674509
18431.3718674509
11372.5483309803
-3529.41246823528
4313.72479450981
65490.1954439215
-3529.41246823528
11372.5483309803
11372.5483309803
18431.3718674509
18431.3718674509
18431.3718674509
18431.3718674509
18431.3718674509
18431.3718674509
11372.5483309803
11372.5483309803
11372.5483309803
24705.881677647
52156.8620972548
38823.5287505882
24705.881677647
18431.3718674509
18431.3718674509
18431.3718674509
18431.3718674509
18431.3718674509
18431.3718674509
18431.3718674509
18431.3718674509
18431.3718674509
24705.881677647
31764.7052141177
31764.7052141177
24705.881677647
18431.3718674509
18431.3718674509
18431.3718674509
18431.3718674509
18431.3718674509
18431.3718674509
18431.3718674509
18431.3718674509
18431.3718674509
24705.881677647
38823.5287505882
45098.0385607843
24705.881677647
18431.3718674509
11372.5483309803
18431.3718674509
18431.3718674509
18431.3718674509
18431.3718674509
18431.3718674509
18431.3718674509
18431.3718674509
11372.5483309803
11372.5483309803
4313.72479450981
65490.1954439215
4313.72479450981
4313.72479450981
11372.5483309803
18431.3718674509
18431.3718674509
18431.3718674509
18431.3718674509
18431.3718674509
18431.3718674509
11372.5483309803
-3529.41246823528
-13725.490909804
-13725.490909804
4313.72479450981
24705.881677647
18431.3718674509
18431.3718674509
18431.3718674509
18431.3718674509
18431.3718674509
11372.5483309803
4313.72479450981
-3529.41246823528
31764.7052141177
18431.3718674509
11372.5483309803
11372.5483309803
18431.3718674509
31764.7052141177
24705.881677647
18431.3718674509
52156.8620972548
31764.7052141177
18431.3718674509
4313.72479450981
-3529.41246823528
4313.72479450981
45098.0385607843
31764.7052141177
18431.3718674509
4313.72479450981
65490.1954439215
45098.0385607843
59215.6856337254
65490.1954439215
11372.5483309803
24705.881677647
38823.5287505882
24705.881677647
38823.5287505882
45098.0385607843
-3529.41246823528
-3529.41246823528
11372.5483309803
24705.881677647
38823.5287505882
52156.8620972548
11372.5483309803
24705.881677647
31764.7052141177
11372.5483309803
11372.5483309803
18431.3718674509
24705.881677647
38823.5287505882
72549.0189803922
72549.0189803922
-23921.5693513726
4313.72479450981
18431.3718674509
18431.3718674509
18431.3718674509
18431.3718674509
18431.3718674509
18431.3718674509
18431.3718674509
-3529.41246823528
65490.1954439215
4313.72479450981
11372.5483309803
18431.3718674509
18431.3718674509
18431.3718674509
18431.3718674509
18431.3718674509
11372.5483309803
4313.72479450981
-3529.41246823528
11372.5483309803
58431.3719074509
18431.3718674509
18431.3718674509
18431.3718674509
18431.3718674509
18431.3718674509
18431.3718674509
18431.3718674509
18431.3718674509
18431.3718674509
18431.3718674509
18431.3718674509
38823.5287505882
31764.7052141177
24705.881677647
18431.3718674509
18431.3718674509
18431.3718674509
18431.3718674509
18431.3718674509
18431.3718674509
18431.3718674509
24705.881677647
31764.7052141177
38823.5287505882
45098.0385607843
24705.881677647
18431.3718674509
18431.3718674509
18431.3718674509
18431.3718674509
18431.3718674509
18431.3718674509
18431.3718674509
18431.3718674509
18431.3718674509
18431.3718674509
52156.8620972548
11372.5483309803
4313.72479450981
4313.72479450981
11372.5483309803
18431.3718674509
18431.3718674509
18431.3718674509
18431.3718674509
18431.3718674509
11372.5483309803
4313.72479450981
65490.1954439215
-3529.41246823528
18431.3718674509
18431.3718674509
18431.3718674509
18431.3718674509
18431.3718674509
18431.3718674509
18431.3718674509
4313.72479450981
-23921.5693513726
65490.1954439215
72549.0189803922
45098.0385607843
24705.881677647
18431.3718674509
11372.5483309803
18431.3718674509
31764.7052141177
24705.881677647
11372.5483309803
4313.72479450981
59215.6856337254
45098.0385607843
24705.881677647
11372.5483309803
-3529.41246823528
4313.72479450981
45098.0385607843
31764.7052141177
24705.881677647
38823.5287505882
24705.881677647
11372.5483309803
59215.6856337254
45098.0385607843
65490.1954439215
52156.8620972548
65490.1954439215
72549.0189803922
72549.0189803922
38823.5287505882
45098.0385607843
59215.6856337254
18431.3718674509
31764.7052141177
45098.0385607843
58431.3719074509
85882.3523270588
24705.881677647
31764.7052141177
45098.0385607843
-3529.41246823528
4313.72479450981
18431.3718674509
31764.7052141177
52156.8620972548
65490.1954439215
72549.0189803922
72549.0189803922
11372.5483309803
24705.881677647
31764.7052141177
11372.5483309803
18431.3718674509
24705.881677647
31764.7052141177
65490.1954439215
78823.5287905882
85098.0386007842
65490.1954439215
65490.1954439215
4313.72479450981
18431.3718674509
24705.881677647
18431.3718674509
18431.3718674509
24705.881677647
18431.3718674509
4313.72479450981
-13725.490909804
85882.3523270588
59215.6856337254
65490.1954439215
11372.5483309803
18431.3718674509
18431.3718674509
24705.881677647
24705.881677647
18431.3718674509
18431.3718674509
11372.5483309803
4313.72479450981
11372.5483309803
45098.0385607843
45098.0385607843
38823.5287505882
24705.881677647
18431.3718674509
24705.881677647
24705.881677647
24705.881677647
24705.881677647
18431.3718674509
18431.3718674509
18431.3718674509
24705.881677647
31764.7052141177
38823.5287505882
31764.7052141177
24705.881677647
18431.3718674509
18431.3718674509
24705.881677647
24705.881677647
24705.881677647
24705.881677647
18431.3718674509
24705.881677647
38823.5287505882
45098.0385607843
45098.0385607843
11372.5483309803
11372.5483309803
11372.5483309803
18431.3718674509
24705.881677647
24705.881677647
24705.881677647
24705.881677647
18431.3718674509
18431.3718674509
59215.6856337254
59215.6856337254
92125.9836440944
-13725.490909804
4313.72479450981
18431.3718674509
24705.881677647
24705.881677647
18431.3718674509
24705.881677647
18431.3718674509
11372.5483309803
65490.1954439215
65490.1954439215
85882.3523270588
78823.5287905882
72549.0189803922
38823.5287505882
24705.881677647
18431.3718674509
18431.3718674509
31764.7052141177
24705.881677647
11372.5483309803
-3529.41246823528
72549.0189803922
72549.0189803922
72549.0189803922
65490.1954439215
59215.6856337254
38823.5287505882
18431.3718674509
4313.72479450981
4313.72479450981
45098.0385607843
31764.7052141177
24705.881677647
85882.3523270588
65490.1954439215
52156.8620972548
38823.5287505882
18431.3718674509
-3529.41246823528
59215.6856337254
45098.0385607843
38823.5287505882
72549.0189803922
65490.1954439215
59215.6856337254
52156.8620972548
72549.0189803922
78823.5287905882
91372.5484109803
126666.666093333
59215.6856337254
65490.1954439215
78823.5287905882
85882.3523270588
98418.9717304347
109411.764115294
125882.352367059
109411.764115294
109411.764115294
45098.0385607843
58431.3719074509
65490.1954439215
72549.0189803922
78823.5287905882
98418.9717304347
98418.9717304347
38823.5287505882
52156.8620972548
59215.6856337254
4313.72479450981
24705.881677647
45098.0385607843
58431.3719074509
65490.1954439215
72549.0189803922
85098.0386007842
85098.0386007842
78823.5287905882
24705.881677647
38823.5287505882
11372.5483309803
18431.3718674509
31764.7052141177
45098.0385607843
59215.6856337254
65490.1954439215
78823.5287905882
85882.3523270588
72549.0189803922
72549.0189803922
72549.0189803922
11372.5483309803
24705.881677647
24705.881677647
18431.3718674509
18431.3718674509
31764.7052141177
65490.1954439215
72549.0189803922
78823.5287905882
91372.5484109803
65490.1954439215
65490.1954439215
65490.1954439215
11372.5483309803
18431.3718674509
24705.881677647
24705.881677647
24705.881677647
24705.881677647
11372.5483309803
-3529.41246823528
85882.3523270588
98418.9717304347
136862.744534902
58431.3719074509
52156.8620972548
52156.8620972548
18431.3718674509
24705.881677647
24705.881677647
24705.881677647
24705.881677647
18431.3718674509
18431.3718674509
11372.5483309803
18431.3718674509
104705.881757647
120392.156283137
131372.54845098
45098.0385607843
38823.5287505882
31764.7052141177
24705.881677647
24705.881677647
24705.881677647
24705.881677647
24705.881677647
24705.881677647
18431.3718674509
31764.7052141177
31764.7052141177
38823.5287505882
126666.666093333
126666.666093333
104705.881757647
18431.3718674509
18431.3718674509
18431.3718674509
18431.3718674509
24705.881677647
24705.881677647
24705.881677647
24705.881677647
18431.3718674509
52156.8620972548
52156.8620972548
52156.8620972548
136862.744534902
104705.881757647
85882.3523270588
-3529.41246823528
11372.5483309803
18431.3718674509
24705.881677647
24705.881677647
24705.881677647
18431.3718674509
11372.5483309803
65490.1954439215
59215.6856337254
59215.6856337254
98418.9717304347
85098.0386007842
72549.0189803922
65490.1954439215
31764.7052141177
24705.881677647
18431.3718674509
24705.881677647
24705.881677647
18431.3718674509
-3529.41246823528
72549.0189803922
65490.1954439215
65490.1954439215
92125.9836440944
78823.5287905882
72549.0189803922
65490.1954439215
52156.8620972548
31764.7052141177
18431.3718674509
11372.5483309803
38823.5287505882
24705.881677647
78823.5287905882
78823.5287905882
78823.5287905882
72549.0189803922
65490.1954439215
59215.6856337254
45098.0385607843
31764.7052141177
11372.5483309803
59215.6856337254
52156.8620972548
38823.5287505882
91372.5484109803
91372.5484109803
72549.0189803922
65490.1954439215
52156.8620972548
45098.0385607843
109411.764115294
125882.352367059
109411.764115294
98418.9717304347
85882.3523270588
72549.0189803922
65490.1954439215
59215.6856337254
125882.352367059
91372.5484109803
78823.5287905882
65490.1954439215
179215.685753726
184705.881837647
190196.077921569
195686.27400549
158039.215144314
158039.215144314
163529.411228235
162745.097501961
91372.5484109803
104705.881757647
121176.470009412
131372.54845098
147058.822976471
131372.54845098
136862.744534902
136862.744534902
136862.744534902
136862.744534902
78823.5287905882
85882.3523270588
98418.9717304347
109411.764115294
125882.352367059
142352.940618824
158039.215144314
173725.489669804
120392.156283137
120392.156283137
120392.156283137
120392.156283137
65490.1954439215
72549.0189803922
78823.5287905882
91372.5484109803
104705.881757647
114901.960199216
131372.54845098
147058.822976471
168235.293585882
184705.881837647
104705.881757647
104705.881757647
104705.881757647
52156.8620972548
59215.6856337254
65490.1954439215
72549.0189803922
158039.215144314
184705.881837647
195686.27400549
91372.5484109803
91372.5484109803
92125.9836440944
38823.5287505882
52156.8620972548
59215.6856337254
18431.3718674509
38823.5287505882
52156.8620972548
65490.1954439215
72549.0189803922
78823.5287905882
195686.27400549
179215.685753726
78823.5287905882
78823.5287905882
78823.5287905882
11372.5483309803
24705.881677647
38823.5287505882
11372.5483309803
24705.881677647
38823.5287505882
59215.6856337254
65490.1954439215
78823.5287905882
85882.3523270588
98418.9717304347
184705.881837647
168235.293585882
65490.1954439215
65490.1954439215
65490.1954439215
18431.3718674509
24705.881677647
24705.881677647
18431.3718674509
31764.7052141177
72549.0189803922
78823.5287905882
91372.5484109803
104705.881757647
114901.960199216
125882.352367059
168235.293585882
152549.019060392
59215.6856337254
59215.6856337254
59215.6856337254
18431.3718674509
24705.881677647
24705.881677647
24705.881677647
24705.881677647
18431.3718674509
11372.5483309803
4313.72479450981
98418.9717304347
109411.764115294
125882.352367059
136862.744534902
158039.215144314
147058.822976471
125882.352367059
52156.8620972548
45098.0385607843
38823.5287505882
24705.881677647
24705.881677647
24705.881677647
24705.881677647
24705.881677647
18431.3718674509
18431.3718674509
24705.881677647
31764.7052141177
121176.470009412
136862.744534902
147058.822976471
147058.822976471
136862.744534902
120392.156283137
38823.5287505882
24705.881677647
24705.881677647
18431.3718674509
24705.881677647
24705.881677647
24705.881677647
24705.881677647
24705.881677647
31764.7052141177
38823.5287505882
45098.0385607843
125882.352367059
142352.940618824
158039.215144314
136862.744534902
125882.352367059
109411.764115294
98418.9717304347
4313.72479450981
11372.5483309803
18431.3718674509
24705.881677647
24705.881677647
24705.881677647
24705.881677647
18431.3718674509
58431.3719074509
59215.6856337254
59215.6856337254
152549.019060392
168235.293585882
131372.54845098
120392.156283137
104705.881757647
91372.5484109803
78823.5287905882
72549.0189803922
31764.7052141177
24705.881677647
24705.881677647
24705.881677647
18431.3718674509
11372.5483309803
65490.1954439215
65490.1954439215
65490.1954439215
162745.097501961
179215.685753726
98418.9717304347
92125.9836440944
78823.5287905882
65490.1954439215
59215.6856337254
45098.0385607843
24705.881677647
18431.3718674509
18431.3718674509
38823.5287505882
24705.881677647
11372.5483309803
78823.5287905882
78823.5287905882
78823.5287905882
179215.685753726
207450.979899608
85098.0386007842
72549.0189803922
65490.1954439215
59215.6856337254
45098.0385607843
18431.3718674509
59215.6856337254
52156.8620972548
38823.5287505882
92125.9836440944
91372.5484109803
92125.9836440944
195686.27400549
179215.685753726
163529.411228235
72549.0189803922
65490.1954439215
59215.6856337254
45098.0385607843
104705.881757647
104705.881757647
104705.881757647
184705.881837647
168235.293585882
147058.822976471
131372.54845098
114901.960199216
104705.881757647
91372.5484109803
78823.5287905882
72549.0189803922
59215.6856337254
121176.470009412
120392.156283137
121176.470009412
114901.960199216
173725.489669804
158039.215144314
136862.744534902
125882.352367059
109411.764115294
98418.9717304347
85882.3523270588
72549.0189803922
136862.744534902
136862.744534902
136862.744534902
131372.54845098
131372.54845098
142352.940618824
126666.666093333
114901.960199216
104705.881757647
91372.5484109803
163529.411228235
158039.215144314
158039.215144314
152549.019060392
120392.156283137
184705.881837647
184705.881837647
179215.685753726
475686.27428549
469411.764475294
469411.764475294
486666.666453333
492156.862537255
469411.764475294
469411.764475294
463921.568391373
430196.078161569
446666.666413333
458431.372307451
463921.568391373
463921.568391373
469411.764475294
463921.568391373
458431.372307451
458431.372307451
452941.17622353
361176.470249412
390196.078121569
406666.666373333
418431.372267451
423921.568351373
435686.27424549
441176.470329412
452941.17622353
463921.568391373
474901.960559216
469411.764475294
458431.372307451
446666.666413333
441176.470329412
435686.27424549
286561.264408696
302429.1494
332941.176103529
347058.823176471
375294.117322353
390196.078121569
412941.176183529
418431.372267451
430196.078161569
441176.470329412
458431.372307451
463921.568391373
481176.470369412
463921.568391373
452941.17622353
441176.470329412
430196.078161569
423921.568351373
207450.979899608
219215.685793726
236470.587771765
270196.078001569
286561.264408696
318039.215304314
332941.176103529
347058.823176471
375294.117322353
406666.666373333
423921.568351373
435686.27424549
446666.666413333
463921.568391373
475686.27428549
474901.960559216
452941.17622353
441176.470329412
423921.568351373
412941.176183529
390196.078121569
179215.685753726
184705.881837647
184705.881837647
195686.27400549
207450.979899608
219215.685793726
236470.587771765
253725.489749804
435686.27424549
446666.666413333
463921.568391373
475686.27428549
486666.666453333
463921.568391373
441176.470329412
418431.372267451
401176.470289412
361176.470249412
162745.097501961
168235.293585882
168235.293585882
173725.489669804
173725.489669804
179215.685753726
114901.960199216
126666.666093333
142352.940618824
158039.215144314
173725.489669804
190196.077921569
236470.587771765
463921.568391373
481176.470369412
463921.568391373
441176.470329412
423921.568351373
401176.470289412
347058.823176471
142352.940618824
147058.822976471
147058.822976471
147058.822976471
152549.019060392
85882.3523270588
98418.9717304347
109411.764115294
126666.666093333
136862.744534902
152549.019060392
168235.293585882
184705.881837647
219215.685793726
286561.264408696
347058.823176471
401176.470289412
469411.764475294
435686.27424549
418431.372267451
390196.078121569
347058.823176471
302429.1494
126666.666093333
131372.54845098
131372.54845098
126666.666093333
72549.0189803922
78823.5287905882
91372.5484109803
104705.881757647
114901.960199216
126666.666093333
147058.822976471
163529.411228235
179215.685753726
207450.979899608
270196.078001569
332941.176103529
390196.078121569
423921.568351373
458431.372307451
412941.176183529
390196.078121569
347058.823176471
302429.1494
236470.587771765
114901.960199216
114901.960199216
114901.960199216
59215.6856337254
65490.1954439215
72549.0189803922
85882.3523270588
98418.9717304347
104705.881757647
120392.156283137
136862.744534902
152549.019060392
173725.489669804
195686.27400549
253725.489749804
332156.862377255
390196.078121569
423921.568351373
458431.372307451
475686.27428549
375294.117322353
347058.823176471
302429.1494
236470.587771765
195686.27400549
104705.881757647
104705.881757647
104705.881757647
98418.9717304347
52156.8620972548
59215.6856337254
65490.1954439215
162745.097501961
184705.881837647
236470.587771765
318039.215304314
375294.117322353
418431.372267451
441176.470329412
469411.764475294
469411.764475294
452941.17622353
332941.176103529
286561.264408696
236470.587771765
195686.27400549
173725.489669804
92125.9836440944
92125.9836440944
85882.3523270588
85098.0386007842
31764.7052141177
38823.5287505882
52156.8620972548
11372.5483309803
31764.7052141177
52156.8620972548
59215.6856337254
72549.0189803922
78823.5287905882
91372.5484109803
219215.685793726
286561.264408696
361176.470249412
412941.176183529
435686.27424549
458431.372307451
458431.372307451
446666.666413333
286561.264408696
236470.587771765
207450.979899608
179215.685753726
163529.411228235
78823.5287905882
72549.0189803922
72549.0189803922
11372.5483309803
24705.881677647
31764.7052141177
52156.8620972548
65490.1954439215
72549.0189803922
85882.3523270588
98418.9717304347
109411.764115294
286561.264408696
347058.823176471
406666.666373333
430196.078161569
446666.666413333
469411.764475294
452941.17622353
441176.470329412
207450.979899608
184705.881837647
168235.293585882
152549.019060392
65490.1954439215
65490.1954439215
59215.6856337254
78823.5287905882
91372.5484109803
104705.881757647
114901.960199216
125882.352367059
347058.823176471
406666.666373333
423921.568351373
446666.666413333
463921.568391373
463921.568391373
452941.17622353
435686.27424549
184705.881837647
173725.489669804
158039.215144314
136862.744534902
59215.6856337254
52156.8620972548
45098.0385607843
11372.5483309803
91372.5484109803
109411.764115294
126666.666093333
136862.744534902
147058.822976471
406666.666373333
423921.568351373
446666.666413333
463921.568391373
463921.568391373
446666.666413333
430196.078161569
406666.666373333
173725.489669804
163529.411228235
147058.822976471
131372.54845098
114901.960199216
38823.5287505882
31764.7052141177
31764.7052141177
38823.5287505882
114901.960199216
131372.54845098
147058.822976471
158039.215144314
173725.489669804
406666.666373333
430196.078161569
452941.17622353
469411.764475294
463921.568391373
446666.666413333
430196.078161569
406666.666373333
152549.019060392
136862.744534902
125882.352367059
109411.764115294
98418.9717304347
18431.3718674509
45098.0385607843
52156.8620972548
58431.3719074509
136862.744534902
158039.215144314
168235.293585882
184705.881837647
435686.27424549
458431.372307451
474901.960559216
463921.568391373
446666.666413333
430196.078161569
406666.666373333
347058.823176471
131372.54845098
121176.470009412
104705.881757647
91372.5484109803
78823.5287905882
4313.72479450981
59215.6856337254
65490.1954439215
65490.1954439215
147058.822976471
162745.097501961
179215.685753726
195686.27400549
441176.470329412
458431.372307451
475686.27428549
452941.17622353
430196.078161569
406666.666373333
347058.823176471
286561.264408696
109411.764115294
98418.9717304347
85882.3523270588
78823.5287905882
65490.1954439215
52156.8620972548
38823.5287505882
24705.881677647
11372.5483309803
72549.0189803922
72549.0189803922
72549.0189803922
72549.0189803922
158039.215144314
179215.685753726
195686.27400549
236470.587771765
286561.264408696
446666.666413333
463921.568391373
458431.372307451
435686.27424549
412941.176183529
361176.470249412
302429.1494
219215.685793726
91372.5484109803
85882.3523270588
72549.0189803922
65490.1954439215
52156.8620972548
38823.5287505882
18431.3718674509
52156.8620972548
38823.5287505882
24705.881677647
85098.0386007842
85882.3523270588
85882.3523270588
85882.3523270588
173725.489669804
195686.27400549
236470.587771765
286561.264408696
318039.215304314
469411.764475294
463921.568391373
441176.470329412
418431.372267451
375294.117322353
318039.215304314
236470.587771765
184705.881837647
162745.097501961
65490.1954439215
59215.6856337254
52156.8620972548
98418.9717304347
98418.9717304347
98418.9717304347
98418.9717304347
190196.077921569
236470.587771765
286561.264408696
332156.862377255
361176.470249412
475686.27428549
452941.17622353
423921.568351373
390196.078121569
332156.862377255
253725.489749804
195686.27400549
173725.489669804
152549.019060392
136862.744534902
120392.156283137
104705.881757647
98418.9717304347
85882.3523270588
72549.0189803922
65490.1954439215
59215.6856337254
109411.764115294
114901.960199216
114901.960199216
219215.685793726
286561.264408696
332941.176103529
375294.117322353
406666.666373333
458431.372307451
423921.568351373
390196.078121569
332941.176103529
270196.078001569
207450.979899608
179215.685753726
163529.411228235
142352.940618824
126666.666093333
114901.960199216
104705.881757647
91372.5484109803
78823.5287905882
72549.0189803922
126666.666093333
126666.666093333
125882.352367059
125882.352367059
286561.264408696
347058.823176471
390196.078121569
412941.176183529
435686.27424549
463921.568391373
390196.078121569
332941.176103529
270196.078001569
219215.685793726
184705.881837647
168235.293585882
152549.019060392
136862.744534902
120392.156283137
109411.764115294
98418.9717304347
85882.3523270588
147058.822976471
147058.822976471
147058.822976471
142352.940618824
142352.940618824
347058.823176471
390196.078121569
418431.372267451
435686.27424549
463921.568391373
475686.27428549
463921.568391373
219215.685793726
184705.881837647
173725.489669804
158039.215144314
142352.940618824
125882.352367059
114901.960199216
173725.489669804
168235.293585882
168235.293585882
162745.097501961
158039.215144314
361176.470249412
401176.470289412
418431.372267451
435686.27424549
458431.372307451
481176.470369412
469411.764475294
458431.372307451
446666.666413333
430196.078161569
253725.489749804
236470.587771765
207450.979899608
195686.27400549
190196.077921569
184705.881837647
179215.685753726
179215.685753726
406666.666373333
418431.372267451
430196.078161569
446666.666413333
469411.764475294
469411.764475294
458431.372307451
441176.470329412
430196.078161569
418431.372267451
406666.666373333
375294.117322353
347058.823176471
332156.862377255
302429.1494
286561.264408696
253725.489749804
236470.587771765
219215.685793726
207450.979899608
418431.372267451
423921.568351373
435686.27424549
446666.666413333
458431.372307451
463921.568391373
458431.372307451
446666.666413333
435686.27424549
423921.568351373
418431.372267451
406666.666373333
390196.078121569
361176.470249412
347058.823176471
332156.862377255
302429.1494
286561.264408696
435686.27424549
441176.470329412
441176.470329412
446666.666413333
458431.372307451
458431.372307451
452941.17622353
441176.470329412
441176.470329412
430196.078161569
423921.568351373
418431.372267451
406666.666373333
375294.117322353
347058.823176471
446666.666413333
452941.17622353
452941.17622353
458431.372307451
463921.568391373
458431.372307451
458431.372307451
452941.17622353
441176.470329412
430196.078161569
463921.568391373
463921.568391373
469411.764475294
481176.470369412
475686.27428549
474901.960559216
481176.470369412
481176.470369412
475686.27428549
469411.764475294
469411.764475294
458431.372307451
469411.764475294
474901.960559216
475686.27428549
481176.470369412
469411.764475294
463921.568391373
463921.568391373
458431.372307451
412941.176183529
423921.568351373
441176.470329412
446666.666413333
452941.17622353
458431.372307451
469411.764475294
475686.27428549
469411.764475294
463921.568391373
458431.372307451
446666.666413333
441176.470329412
332941.176103529
347058.823176471
375294.117322353
390196.078121569
412941.176183529
418431.372267451
423921.568351373
435686.27424549
446666.666413333
458431.372307451
469411.764475294
481176.470369412
463921.568391373
458431.372307451
446666.666413333
435686.27424549
423921.568351373
253725.489749804
270196.078001569
286561.264408696
318039.215304314
332941.176103529
347058.823176471
375294.117322353
390196.078121569
412941.176183529
423921.568351373
441176.470329412
452941.17622353
463921.568391373
475686.27428549
469411.764475294
458431.372307451
441176.470329412
423921.568351373
418431.372267451
190196.077921569
195686.27400549
207450.979899608
219215.685793726
236470.587771765
253725.489749804
286561.264408696
302429.1494
332941.176103529
361176.470249412
401176.470289412
418431.372267451
435686.27424549
446666.666413333
463921.568391373
474901.960559216
481176.470369412
458431.372307451
441176.470329412
418431.372267451
406666.666373333
375294.117322353
173725.489669804
179215.685753726
179215.685753726
184705.881837647
184705.881837647
195686.27400549
207450.979899608
446666.666413333
463921.568391373
475686.27428549
492156.862537255
469411.764475294
441176.470329412
423921.568351373
401176.470289412
347058.823176471
152549.019060392
158039.215144314
158039.215144314
163529.411228235
163529.411228235
162745.097501961
109411.764115294
120392.156283137
136862.744534902
147058.822976471
162745.097501961
179215.685753726
207450.979899608
253725.489749804
318039.215304314
469411.764475294
481176.470369412
441176.470329412
423921.568351373
390196.078121569
347058.823176471
302429.1494
136862.744534902
136862.744534902
136862.744534902
136862.744534902
91372.5484109803
104705.881757647
114901.960199216
125882.352367059
142352.940618824
158039.215144314
173725.489669804
195686.27400549
253725.489749804
318039.215304314
375294.117322353
418431.372267451
481176.470369412
418431.372267451
390196.078121569
347058.823176471
286561.264408696
236470.587771765
126666.666093333
126666.666093333
126666.666093333
126666.666093333
120392.156283137
65490.1954439215
78823.5287905882
85882.3523270588
98418.9717304347
109411.764115294
120392.156283137
136862.744534902
152549.019060392
168235.293585882
184705.881837647
236470.587771765
302429.1494
361176.470249412
412941.176183529
441176.470329412
475686.27428549
475686.27428549
390196.078121569
347058.823176471
302429.1494
236470.587771765
109411.764115294
109411.764115294
109411.764115294
104705.881757647
59215.6856337254
65490.1954439215
78823.5287905882
85882.3523270588
98418.9717304347
109411.764115294
126666.666093333
142352.940618824
158039.215144314
179215.685753726
207450.979899608
286561.264408696
347058.823176471
406666.666373333
441176.470329412
469411.764475294
463921.568391373
347058.823176471
302429.1494
236470.587771765
195686.27400549
98418.9717304347
98418.9717304347
91372.5484109803
91372.5484109803
45098.0385607843
52156.8620972548
59215.6856337254
65490.1954439215
45098.0385607843
59215.6856337254
65490.1954439215
173725.489669804
195686.27400549
270196.078001569
332941.176103529
401176.470289412
430196.078161569
458431.372307451
469411.764475294
469411.764475294
458431.372307451
286561.264408696
253725.489749804
195686.27400549
179215.685753726
158039.215144314
85882.3523270588
85882.3523270588
78823.5287905882
31764.7052141177
45098.0385607843
59215.6856337254
72549.0189803922
78823.5287905882
91372.5484109803
104705.881757647
236470.587771765
318039.215304314
390196.078121569
423921.568351373
446666.666413333
463921.568391373
463921.568391373
446666.666413333
253725.489749804
207450.979899608
184705.881837647
168235.293585882
147058.822976471
72549.0189803922
72549.0189803922
65490.1954439215
59215.6856337254
72549.0189803922
85882.3523270588
98418.9717304347
109411.764115294
120392.156283137
302429.1494
375294.117322353
418431.372267451
441176.470329412
458431.372307451
458431.372307451
441176.470329412
423921.568351373
207450.979899608
184705.881837647
173725.489669804
152549.019060392
136862.744534902
65490.1954439215
59215.6856337254
85882.3523270588
104705.881757647
114901.960199216
125882.352367059
136862.744534902
375294.117322353
418431.372267451
441176.470329412
458431.372307451
458431.372307451
441176.470329412
423921.568351373
173725.489669804
158039.215144314
147058.822976471
126666.666093333
52156.8620972548
45098.0385607843
24705.881677647
104705.881757647
120392.156283137
136862.744534902
147058.822976471
163529.411228235
375294.117322353
418431.372267451
441176.470329412
458431.372307451
458431.372307451
441176.470329412
418431.372267451
375294.117322353
162745.097501961
152549.019060392
136862.744534902
120392.156283137
104705.881757647
31764.7052141177
45098.0385607843
52156.8620972548
125882.352367059
142352.940618824
158039.215144314
173725.489669804
418431.372267451
441176.470329412
463921.568391373
458431.372307451
441176.470329412
418431.372267451
375294.117322353
142352.940618824
126666.666093333
114901.960199216
104705.881757647
85882.3523270588
52156.8620972548
59215.6856337254
136862.744534902
152549.019060392
168235.293585882
184705.881837647
195686.27400549
423921.568351373
446666.666413333
463921.568391373
458431.372307451
441176.470329412
418431.372267451
375294.117322353
318039.215304314
120392.156283137
109411.764115294
98418.9717304347
85882.3523270588
72549.0189803922
59215.6856337254
65490.1954439215
72549.0189803922
72549.0189803922
147058.822976471
162745.097501961
179215.685753726
195686.27400549
236470.587771765
452941.17622353
469411.764475294
463921.568391373
446666.666413333
423921.568351373
390196.078121569
332156.862377255
253725.489749804
104705.881757647
91372.5484109803
78823.5287905882
72549.0189803922
59215.6856337254
45098.0385607843
24705.881677647
78823.5287905882
85098.0386007842
85098.0386007842
179215.685753726
195686.27400549
236470.587771765
286561.264408696
458431.372307451
475686.27428549
452941.17622353
423921.568351373
401176.470289412
347058.823176471
270196.078001569
195686.27400549
173725.489669804
65490.1954439215
59215.6856337254
45098.0385607843
65490.1954439215
59215.6856337254
52156.8620972548
45098.0385607843
91372.5484109803
98418.9717304347
98418.9717304347
190196.077921569
236470.587771765
286561.264408696
332156.862377255
469411.764475294
481176.470369412
463921.568391373
435686.27424549
406666.666373333
347058.823176471
286561.264408696
207450.979899608
179215.685753726
158039.215144314
142352.940618824
125882.352367059
109411.764115294
98418.9717304347
85882.3523270588
78823.5287905882
65490.1954439215
59215.6856337254
104705.881757647
109411.764115294
109411.764115294
109411.764115294
219215.685793726
286561.264408696
332941.176103529
375294.117322353
475686.27428549
474901.960559216
441176.470329412
412941.176183529
361176.470249412
302429.1494
219215.685793726
184705.881837647
168235.293585882
147058.822976471
131372.54845098
120392.156283137
104705.881757647
98418.9717304347
85882.3523270588
78823.5287905882
65490.1954439215
120392.156283137
120392.156283137
120392.156283137
120392.156283137
219215.685793726
286561.264408696
332941.176103529
375294.117322353
412941.176183529
481176.470369412
412941.176183529
361176.470249412
302429.1494
236470.587771765
195686.27400549
173725.489669804
158039.215144314
142352.940618824
125882.352367059
114901.960199216
104705.881757647
91372.5484109803
78823.5287905882
136862.744534902
136862.744534902
136862.744534902
136862.744534902
286561.264408696
347058.823176471
390196.078121569
418431.372267451
435686.27424549
475686.27428549
463921.568391373
318039.215304314
253725.489749804
195686.27400549
179215.685753726
163529.411228235
147058.822976471
131372.54845098
120392.156283137
109411.764115294
162745.097501961
163529.411228235
158039.215144314
158039.215144314
152549.019060392
152549.019060392
347058.823176471
390196.078121569
418431.372267451
441176.470329412
463921.568391373
486666.666453333
475686.27428549
463921.568391373
446666.666413333
168235.293585882
190196.077921569
184705.881837647
184705.881837647
179215.685753726
173725.489669804
168235.293585882
375294.117322353
401176.470289412
418431.372267451
435686.27424549
452941.17622353
475686.27428549
469411.764475294
458431.372307451
441176.470329412
430196.078161569
412941.176183529
390196.078121569
361176.470249412
332941.176103529
302429.1494
286561.264408696
253725.489749804
236470.587771765
219215.685793726
207450.979899608
190196.077921569
184705.881837647
412941.176183529
423921.568351373
435686.27424549
446666.666413333
463921.568391373
469411.764475294
458431.372307451
441176.470329412
430196.078161569
418431.372267451
406666.666373333
390196.078121569
361176.470249412
347058.823176471
332156.862377255
302429.1494
286561.264408696
270196.078001569
236470.587771765
423921.568351373
430196.078161569
441176.470329412
446666.666413333
458431.372307451
463921.568391373
458431.372307451
446666.666413333
441176.470329412
430196.078161569
423921.568351373
418431.372267451
406666.666373333
390196.078121569
361176.470249412
347058.823176471
318039.215304314
441176.470329412
441176.470329412
446666.666413333
452941.17622353
458431.372307451
463921.568391373
458431.372307451
452941.17622353
446666.666413333
441176.470329412
435686.27424549
423921.568351373
412941.176183529
458431.372307451
458431.372307451
463921.568391373
463921.568391373
469411.764475294
469411.764475294
469411.764475294
463921.568391373
452941.17622353
475686.27428549
475686.27428549
475686.27428549
475686.27428549
481176.470369412
474901.960559216
469411.764475294
481176.470369412
486666.666453333
469411.764475294
469411.764475294
463921.568391373
463921.568391373
430196.078161569
446666.666413333
458431.372307451
463921.568391373
463921.568391373
474901.960559216
463921.568391373
458431.372307451
458431.372307451
452941.17622353
390196.078121569
406666.666373333
418431.372267451
423921.568351373
435686.27424549
441176.470329412
452941.17622353
463921.568391373
474901.960559216
469411.764475294
458431.372307451
452941.17622353
441176.470329412
435686.27424549
286561.264408696
318039.215304314
332941.176103529
347058.823176471
375294.117322353
390196.078121569
406666.666373333
418431.372267451
430196.078161569
441176.470329412
458431.372307451
469411.764475294
481176.470369412
469411.764475294
458431.372307451
441176.470329412
435686.27424549
423921.568351373
219215.685793726
236470.587771765
253725.489749804
270196.078001569
286561.264408696
302429.1494
332156.862377255
347058.823176471
375294.117322353
406666.666373333
423921.568351373
435686.27424549
446666.666413333
463921.568391373
469411.764475294
475686.27428549
458431.372307451
441176.470329412
423921.568351373
412941.176183529
401176.470289412
184705.881837647
190196.077921569
195686.27400549
207450.979899608
219215.685793726
236470.587771765
253725.489749804
286561.264408696
318039.215304314
418431.372267451
435686.27424549
446666.666413333
463921.568391373
469411.764475294
486666.666453333
463921.568391373
441176.470329412
423921.568351373
401176.470289412
361176.470249412
162745.097501961
168235.293585882
168235.293585882
173725.489669804
173725.489669804
179215.685753726
131372.54845098
147058.822976471
158039.215144314
173725.489669804
190196.077921569
236470.587771765
463921.568391373
475686.27428549
463921.568391373
441176.470329412
423921.568351373
390196.078121569
347058.823176471
318039.215304314
147058.822976471
147058.822976471
147058.822976471
152549.019060392
152549.019060392
152549.019060392
104705.881757647
114901.960199216
125882.352367059
136862.744534902
152549.019060392
168235.293585882
184705.881837647
219215.685793726
286561.264408696
347058.823176471
475686.27428549
435686.27424549
418431.372267451
390196.078121569
347058.823176471
302429.1494
131372.54845098
131372.54845098
131372.54845098
131372.54845098
131372.54845098
85882.3523270588
98418.9717304347
109411.764115294
120392.156283137
131372.54845098
147058.822976471
162745.097501961
179215.685753726
207450.979899608
270196.078001569
347058.823176471
401176.470289412
423921.568351373
469411.764475294
412941.176183529
390196.078121569
347058.823176471
302429.1494
236470.587771765
121176.470009412
121176.470009412
114901.960199216
114901.960199216
72549.0189803922
78823.5287905882
92125.9836440944
98418.9717304347
109411.764115294
126666.666093333
136862.744534902
158039.215144314
173725.489669804
195686.27400549
253725.489749804
332156.862377255
390196.078121569
423921.568351373
463921.568391373
475686.27428549
463921.568391373
375294.117322353
347058.823176471
302429.1494
236470.587771765
195686.27400549
104705.881757647
104705.881757647
104705.881757647
147058.822976471
168235.293585882
184705.881837647
236470.587771765
318039.215304314
375294.117322353
418431.372267451
446666.666413333
474901.960559216
469411.764475294
452941.17622353
332941.176103529
302429.1494
236470.587771765
195686.27400549
179215.685753726
91372.5484109803
91372.5484109803
78823.5287905882
85882.3523270588
179215.685753726
219215.685793726
286561.264408696
361176.470249412
412941.176183529
435686.27424549
458431.372307451
458431.372307451
446666.666413333
253725.489749804
207450.979899608
179215.685753726
162745.097501961
78823.5287905882
78823.5287905882
78823.5287905882
91372.5484109803
104705.881757647
109411.764115294
286561.264408696
347058.823176471
406666.666373333
430196.078161569
452941.17622353
469411.764475294
452941.17622353
441176.470329412
207450.979899608
184705.881837647
168235.293585882
152549.019060392
72549.0189803922
98418.9717304347
104705.881757647
120392.156283137
131372.54845098
347058.823176471
406666.666373333
423921.568351373
446666.666413333
469411.764475294
469411.764475294
452941.17622353
435686.27424549
184705.881837647
173725.489669804
158039.215144314
142352.940618824
125882.352367059
98418.9717304347
109411.764115294
125882.352367059
136862.744534902
152549.019060392
406666.666373333
430196.078161569
446666.666413333
469411.764475294
469411.764475294
446666.666413333
430196.078161569
406666.666373333
162745.097501961
147058.822976471
136862.744534902
120392.156283137
104705.881757647
104705.881757647
121176.470009412
131372.54845098
147058.822976471
158039.215144314
406666.666373333
430196.078161569
446666.666413333
469411.764475294
463921.568391373
446666.666413333
430196.078161569
406666.666373333
347058.823176471
152549.019060392
142352.940618824
125882.352367059
114901.960199216
98418.9717304347
125882.352367059
142352.940618824
158039.215144314
168235.293585882
184705.881837647
435686.27424549
452941.17622353
474901.960559216
469411.764475294
446666.666413333
430196.078161569
406666.666373333
347058.823176471
131372.54845098
120392.156283137
109411.764115294
98418.9717304347
65490.1954439215
152549.019060392
168235.293585882
184705.881837647
195686.27400549
441176.470329412
458431.372307451
481176.470369412
452941.17622353
430196.078161569
406666.666373333
347058.823176471
286561.264408696
114901.960199216
104705.881757647
91372.5484109803
78823.5287905882
78823.5287905882
163529.411228235
179215.685753726
195686.27400549
236470.587771765
286561.264408696
446666.666413333
463921.568391373
458431.372307451
441176.470329412
412941.176183529
361176.470249412
302429.1494
219215.685793726
184705.881837647
85882.3523270588
78823.5287905882
91372.5484109803
91372.5484109803
173725.489669804
195686.27400549
236470.587771765
286561.264408696
318039.215304314
458431.372307451
469411.764475294
469411.764475294
446666.666413333
418431.372267451
375294.117322353
318039.215304314
236470.587771765
184705.881837647
168235.293585882
147058.822976471
104705.881757647
104705.881757647
104705.881757647
190196.077921569
236470.587771765
286561.264408696
332941.176103529
361176.470249412
481176.470369412
458431.372307451
423921.568351373
390196.078121569
318039.215304314
253725.489749804
195686.27400549
173725.489669804
158039.215144314
136862.744534902
126666.666093333
109411.764115294
98418.9717304347
92125.9836440944
78823.5287905882
72549.0189803922
114901.960199216
114901.960199216
114901.960199216
114901.960199216
236470.587771765
286561.264408696
332941.176103529
375294.117322353
406666.666373333
469411.764475294
423921.568351373
390196.078121569
332941.176103529
270196.078001569
207450.979899608
179215.685753726
162745.097501961
147058.822976471
131372.54845098
121176.470009412
104705.881757647
98418.9717304347
85882.3523270588
131372.54845098
131372.54845098
131372.54845098
131372.54845098
126666.666093333
286561.264408696
332941.176103529
390196.078121569
418431.372267451
430196.078161569
347058.823176471
286561.264408696
219215.685793726
184705.881837647
168235.293585882
152549.019060392
136862.744534902
125882.352367059
114901.960199216
104705.881757647
152549.019060392
152549.019060392
152549.019060392
147058.822976471
147058.822976471
142352.940618824
302429.1494
347058.823176471
390196.078121569
418431.372267451
441176.470329412
463921.568391373
475686.27428549
463921.568391373
219215.685793726
190196.077921569
173725.489669804
158039.215144314
142352.940618824
131372.54845098
179215.685753726
173725.489669804
173725.489669804
168235.293585882
162745.097501961
163529.411228235
361176.470249412
390196.078121569
418431.372267451
435686.27424549
458431.372307451
481176.470369412
469411.764475294
458431.372307451
446666.666413333
430196.078161569
418431.372267451
286561.264408696
253725.489749804
236470.587771765
207450.979899608
195686.27400549
190196.077921569
184705.881837647
179215.685753726
173725.489669804
390196.078121569
406666.666373333
418431.372267451
430196.078161569
446666.666413333
469411.764475294
469411.764475294
458431.372307451
441176.470329412
430196.078161569
418431.372267451
406666.666373333
375294.117322353
347058.823176471
332156.862377255
302429.1494
286561.264408696
253725.489749804
236470.587771765
219215.685793726
207450.979899608
418431.372267451
423921.568351373
435686.27424549
446666.666413333
458431.372307451
469411.764475294
458431.372307451
446666.666413333
435686.27424549
423921.568351373
412941.176183529
406666.666373333
390196.078121569
361176.470249412
347058.823176471
332156.862377255
302429.1494
286561.264408696
435686.27424549
441176.470329412
441176.470329412
446666.666413333
458431.372307451
458431.372307451
452941.17622353
441176.470329412
441176.470329412
430196.078161569
423921.568351373
418431.372267451
406666.666373333
390196.078121569
361176.470249412
446666.666413333
452941.17622353
458431.372307451
458431.372307451
463921.568391373
463921.568391373
458431.372307451
452941.17622353
441176.470329412
423921.568351373
469411.764475294
469411.764475294
469411.764475294
469411.764475294
474901.960559216
481176.470369412
481176.470369412
481176.470369412
481176.470369412
486666.666453333
481176.470369412
469411.764475294
469411.764475294
469411.764475294
481176.470369412
469411.764475294
475686.27428549
469411.764475294
481176.470369412
469411.764475294
469411.764475294
474901.960559216
469411.764475294
481176.470369412
469411.764475294
492156.862537255
481176.470369412
486666.666453333
486666.666453333
474901.960559216
469411.764475294
463921.568391373
463921.568391373
458431.372307451
463921.568391373
474901.960559216
486666.666453333
481176.470369412
486666.666453333
481176.470369412
492156.862537255
469411.764475294
475686.27428549
469411.764475294
458431.372307451
463921.568391373
458431.372307451
469411.764475294
458431.372307451
463921.568391373
463921.568391373
469411.764475294
469411.764475294
475686.27428549
481176.470369412
