-0.047445255,-0.003649635,0.048
-0.047445255,0.003649635,0.048
-0.047445255,0.010948905,0.048
-0.040145985,-0.025547445,0.048
-0.040145985,-0.018248175,0.048
-0.040145985,-0.010948905,0.048
-0.040145985,-0.003649635,0.048
-0.040145985,0.003649635,0.048
-0.040145985,0.010948905,0.048
-0.040145985,0.018248175,0.048
-0.040145985,0.025547445,0.048
-0.032846715,-0.032846715,0.048
-0.032846715,-0.025547445,0.048
-0.032846715,-0.018248175,0.048
-0.032846715,-0.010948905,0.048
-0.032846715,-0.003649635,0.048
-0.032846715,0.003649635,0.048
-0.032846715,0.010948905,0.048
-0.032846715,0.018248175,0.048
-0.032846715,0.025547445,0.048
-0.032846715,0.032846715,0.048
-0.025547445,-0.040145985,0.048
-0.025547445,-0.032846715,0.048
-0.025547445,-0.025547445,0.048
-0.025547445,-0.018248175,0.048
-0.025547445,-0.010948905,0.048
-0.025547445,-0.003649635,0.048
-0.025547445,0.003649635,0.048
-0.025547445,0.010948905,0.048
-0.025547445,0.018248175,0.048
-0.025547445,0.025547445,0.048
-0.025547445,0.032846715,0.048
-0.025547445,0.040145985,0.048
-0.018248175,-0.040145985,0.048
-0.018248175,-0.032846715,0.048
-0.018248175,-0.025547445,0.048
-0.018248175,-0.018248175,0.048
-0.018248175,-0.010948905,0.048
-0.018248175,-0.003649635,0.048
-0.018248175,0.003649635,0.048
-0.018248175,0.010948905,0.048
-0.018248175,0.018248175,0.048
-0.018248175,0.025547445,0.048
-0.018248175,0.032846715,0.048
-0.018248175,0.040145985,0.048
-0.010948905,-0.040145985,0.048
-0.010948905,-0.032846715,0.048
-0.010948905,-0.025547445,0.048
-0.010948905,-0.018248175,0.048
-0.010948905,-0.010948905,0.048
-0.010948905,-0.003649635,0.048
-0.010948905,0.003649635,0.048
-0.010948905,0.010948905,0.048
-0.010948905,0.018248175,0.048
-0.010948905,0.025547445,0.048
-0.010948905,0.032846715,0.048
-0.010948905,0.040145985,0.048
-0.010948905,0.047445255,0.048
-0.003649635,-0.047445255,0.048
-0.003649635,-0.040145985,0.048
-0.003649635,-0.032846715,0.048
-0.003649635,-0.025547445,0.048
-0.003649635,-0.018248175,0.048
-0.003649635,-0.010948905,0.048
-0.003649635,-0.003649635,0.048
-0.003649635,0.003649635,0.048
-0.003649635,0.010948905,0.048
-0.003649635,0.018248175,0.048
-0.003649635,0.025547445,0.048
-0.003649635,0.032846715,0.048
-0.003649635,0.040145985,0.048
-0.003649635,0.047445255,0.048
0.003649635,-0.047445255,0.048
0.003649635,-0.040145985,0.048
0.003649635,-0.032846715,0.048
0.003649635,-0.025547445,0.048
0.003649635,-0.018248175,0.048
0.003649635,-0.010948905,0.048
0.003649635,-0.003649635,0.048
0.003649635,0.003649635,0.048
0.003649635,0.010948905,0.048
0.003649635,0.018248175,0.048
0.003649635,0.025547445,0.048
0.003649635,0.032846715,0.048
0.003649635,0.040145985,0.048
0.003649635,0.047445255,0.048
0.010948905,-0.040145985,0.048
0.010948905,-0.032846715,0.048
0.010948905,-0.025547445,0.048
0.010948905,-0.018248175,0.048
0.010948905,-0.010948905,0.048
0.010948905,-0.003649635,0.048
0.010948905,0.003649635,0.048
0.010948905,0.010948905,0.048
0.010948905,0.018248175,0.048
0.010948905,0.025547445,0.048
0.010948905,0.032846715,0.048
0.010948905,0.040145985,0.048
0.010948905,0.047445255,0.048
0.018248175,-0.040145985,0.048
0.018248175,-0.032846715,0.048
0.018248175,-0.025547445,0.048
0.018248175,-0.018248175,0.048
0.018248175,-0.010948905,0.048
0.018248175,-0.003649635,0.048
0.018248175,0.003649635,0.048
0.018248175,0.010948905,0.048
0.018248175,0.018248175,0.048
0.018248175,0.025547445,0.048
0.018248175,0.032846715,0.048
0.018248175,0.040145985,0.048
0.025547445,-0.040145985,0.048
0.025547445,-0.032846715,0.048
0.025547445,-0.025547445,0.048
0.025547445,-0.018248175,0.048
0.025547445,-0.010948905,0.048
0.025547445,-0.003649635,0.048
0.025547445,0.003649635,0.048
0.025547445,0.010948905,0.048
0.025547445,0.018248175,0.048
0.025547445,0.025547445,0.048
0.025547445,0.032846715,0.048
0.025547445,0.040145985,0.048
0.032846715,-0.032846715,0.048
0.032846715,-0.025547445,0.048
0.032846715,-0.018248175,0.048
0.032846715,-0.010948905,0.048
0.032846715,-0.003649635,0.048
0.032846715,0.003649635,0.048
0.032846715,0.010948905,0.048
0.032846715,0.018248175,0.048
0.032846715,0.025547445,0.048
0.032846715,0.032846715,0.048
0.040145985,-0.025547445,0.048
0.040145985,-0.018248175,0.048
0.040145985,-0.010948905,0.048
0.040145985,-0.003649635,0.048
0.040145985,0.003649635,0.048
0.040145985,0.010948905,0.048
0.040145985,0.018248175,0.048
0.040145985,0.025547445,0.048
0.047445255,-0.010948905,0.048
0.047445255,-0.003649635,0.048
0.047445255,0.003649635,0.048
0.047445255,0.010948905,0.048
-0.04379562,-0.01459854,0.054
-0.04379562,-0.00729927,0.054
-0.04379562,0,0.054
-0.04379562,0.00729927,0.054
-0.04379562,0.01459854,0.054
-0.03649635,-0.02919708,0.054
-0.03649635,-0.02189781,0.054
-0.03649635,-0.01459854,0.054
-0.03649635,-0.00729927,0.054
-0.03649635,0,0.054
-0.03649635,0.00729927,0.054
-0.03649635,0.01459854,0.054
-0.03649635,0.02189781,0.054
-0.03649635,0.02919708,0.054
-0.02919708,-0.03649635,0.054
-0.02919708,-0.02919708,0.054
-0.02919708,-0.02189781,0.054
-0.02919708,-0.01459854,0.054
-0.02919708,-0.00729927,0.054
-0.02919708,0,0.054
-0.02919708,0.00729927,0.054
-0.02919708,0.01459854,0.054
-0.02919708,0.02189781,0.054
-0.02919708,0.02919708,0.054
-0.02919708,0.03649635,0.054
-0.02189781,-0.03649635,0.054
-0.02189781,-0.02919708,0.054
-0.02189781,-0.02189781,0.054
-0.02189781,-0.01459854,0.054
-0.02189781,-0.00729927,0.054
-0.02189781,0,0.054
-0.02189781,0.00729927,0.054
-0.02189781,0.01459854,0.054
-0.02189781,0.02189781,0.054
-0.02189781,0.02919708,0.054
-0.02189781,0.03649635,0.054
-0.02189781,0.04379562,0.054
-0.01459854,-0.04379562,0.054
-0.01459854,-0.03649635,0.054
-0.01459854,-0.02919708,0.054
-0.01459854,-0.02189781,0.054
-0.01459854,-0.01459854,0.054
-0.01459854,-0.00729927,0.054
-0.01459854,0,0.054
-0.01459854,0.00729927,0.054
-0.01459854,0.01459854,0.054
-0.01459854,0.02189781,0.054
-0.01459854,0.02919708,0.054
-0.01459854,0.03649635,0.054
-0.01459854,0.04379562,0.054
-0.00729927,-0.04379562,0.054
-0.00729927,-0.03649635,0.054
-0.00729927,-0.02919708,0.054
-0.00729927,-0.02189781,0.054
-0.00729927,-0.01459854,0.054
-0.00729927,-0.00729927,0.054
-0.00729927,0,0.054
-0.00729927,0.00729927,0.054
-0.00729927,0.01459854,0.054
-0.00729927,0.02189781,0.054
-0.00729927,0.02919708,0.054
-0.00729927,0.03649635,0.054
-0.00729927,0.04379562,0.054
0,-0.04379562,0.054
0,-0.03649635,0.054
0,-0.02919708,0.054
0,-0.02189781,0.054
0,-0.01459854,0.054
0,-0.00729927,0.054
0,0,0.054
0,0.00729927,0.054
0,0.01459854,0.054
0,0.02189781,0.054
0,0.02919708,0.054
0,0.03649635,0.054
0,0.04379562,0.054
0.00729927,-0.04379562,0.054
0.00729927,-0.03649635,0.054
0.00729927,-0.02919708,0.054
0.00729927,-0.02189781,0.054
0.00729927,-0.01459854,0.054
0.00729927,-0.00729927,0.054
0.00729927,0,0.054
0.00729927,0.00729927,0.054
0.00729927,0.01459854,0.054
0.00729927,0.02189781,0.054
0.00729927,0.02919708,0.054
0.00729927,0.03649635,0.054
0.00729927,0.04379562,0.054
0.01459854,-0.04379562,0.054
0.01459854,-0.03649635,0.054
0.01459854,-0.02919708,0.054
0.01459854,-0.02189781,0.054
0.01459854,-0.01459854,0.054
0.01459854,-0.00729927,0.054
0.01459854,0,0.054
0.01459854,0.00729927,0.054
0.01459854,0.01459854,0.054
0.01459854,0.02189781,0.054
0.01459854,0.02919708,0.054
0.01459854,0.03649635,0.054
0.01459854,0.04379562,0.054
0.02189781,-0.03649635,0.054
0.02189781,-0.02919708,0.054
0.02189781,-0.02189781,0.054
0.02189781,-0.01459854,0.054
0.02189781,-0.00729927,0.054
0.02189781,0,0.054
0.02189781,0.00729927,0.054
0.02189781,0.01459854,0.054
0.02189781,0.02189781,0.054
0.02189781,0.02919708,0.054
0.02189781,0.03649635,0.054
0.02189781,0.04379562,0.054
0.02919708,-0.03649635,0.054
0.02919708,-0.02919708,0.054
0.02919708,-0.02189781,0.054
0.02919708,-0.01459854,0.054
0.02919708,-0.00729927,0.054
0.02919708,0,0.054
0.02919708,0.00729927,0.054
0.02919708,0.01459854,0.054
0.02919708,0.02189781,0.054
0.02919708,0.02919708,0.054
0.02919708,0.03649635,0.054
0.03649635,-0.02189781,0.054
0.03649635,-0.01459854,0.054
0.03649635,-0.00729927,0.054
0.03649635,0,0.054
0.03649635,0.00729927,0.054
0.03649635,0.01459854,0.054
0.03649635,0.02189781,0.054
0.03649635,0.02919708,0.054
0.04379562,-0.01459854,0.054
0.04379562,-0.00729927,0.054
0.04379562,0,0.054
0.04379562,0.00729927,0.054
0.04379562,0.01459854,0.054
0.04379562,0.02189781,0.054
-0.047445255,-0.010948905,0.06
-0.047445255,0.003649635,0.06
-0.047445255,0.010948905,0.06
-0.040145985,-0.025547445,0.06
-0.040145985,-0.018248175,0.06
-0.040145985,-0.010948905,0.06
-0.040145985,-0.003649635,0.06
-0.040145985,0.003649635,0.06
-0.040145985,0.010948905,0.06
-0.040145985,0.018248175,0.06
-0.040145985,0.025547445,0.06
-0.032846715,-0.032846715,0.06
-0.032846715,-0.025547445,0.06
-0.032846715,-0.018248175,0.06
-0.032846715,-0.010948905,0.06
-0.032846715,-0.003649635,0.06
-0.032846715,0.003649635,0.06
-0.032846715,0.010948905,0.06
-0.032846715,0.018248175,0.06
-0.025547445,-0.040145985,0.06
-0.025547445,-0.032846715,0.06
-0.025547445,-0.025547445,0.06
-0.025547445,-0.018248175,0.06
-0.025547445,-0.010948905,0.06
-0.025547445,-0.003649635,0.06
-0.025547445,0.003649635,0.06
-0.025547445,0.010948905,0.06
-0.025547445,0.018248175,0.06
-0.025547445,0.025547445,0.06
-0.025547445,0.032846715,0.06
-0.018248175,-0.040145985,0.06
-0.018248175,-0.032846715,0.06
-0.018248175,-0.025547445,0.06
-0.018248175,-0.018248175,0.06
-0.018248175,-0.010948905,0.06
-0.018248175,-0.003649635,0.06
-0.018248175,0.003649635,0.06
-0.018248175,0.010948905,0.06
-0.018248175,0.018248175,0.06
-0.018248175,0.025547445,0.06
-0.018248175,0.032846715,0.06
-0.018248175,0.040145985,0.06
-0.010948905,-0.047445255,0.06
-0.010948905,-0.040145985,0.06
-0.010948905,-0.032846715,0.06
-0.010948905,-0.025547445,0.06
-0.010948905,-0.018248175,0.06
-0.010948905,-0.010948905,0.06
-0.010948905,-0.003649635,0.06
-0.010948905,0.003649635,0.06
-0.010948905,0.010948905,0.06
-0.010948905,0.018248175,0.06
-0.010948905,0.025547445,0.06
-0.010948905,0.032846715,0.06
-0.010948905,0.040145985,0.06
-0.010948905,0.047445255,0.06
-0.003649635,-0.047445255,0.06
-0.003649635,-0.040145985,0.06
-0.003649635,-0.032846715,0.06
-0.003649635,-0.025547445,0.06
-0.003649635,-0.018248175,0.06
-0.003649635,-0.010948905,0.06
-0.003649635,-0.003649635,0.06
-0.003649635,0.003649635,0.06
-0.003649635,0.010948905,0.06
-0.003649635,0.018248175,0.06
-0.003649635,0.025547445,0.06
-0.003649635,0.032846715,0.06
-0.003649635,0.040145985,0.06
-0.003649635,0.047445255,0.06
0.003649635,-0.047445255,0.06
0.003649635,-0.040145985,0.06
0.003649635,-0.032846715,0.06
0.003649635,-0.025547445,0.06
0.003649635,-0.018248175,0.06
0.003649635,-0.010948905,0.06
0.003649635,-0.003649635,0.06
0.003649635,0.003649635,0.06
0.003649635,0.010948905,0.06
0.003649635,0.018248175,0.06
0.003649635,0.025547445,0.06
0.003649635,0.032846715,0.06
0.003649635,0.040145985,0.06
0.003649635,0.047445255,0.06
0.010948905,-0.047445255,0.06
0.010948905,-0.040145985,0.06
0.010948905,-0.032846715,0.06
0.010948905,-0.025547445,0.06
0.010948905,-0.018248175,0.06
0.010948905,-0.010948905,0.06
0.010948905,-0.003649635,0.06
0.010948905,0.003649635,0.06
0.010948905,0.010948905,0.06
0.010948905,0.018248175,0.06
0.010948905,0.025547445,0.06
0.010948905,0.032846715,0.06
0.010948905,0.040145985,0.06
0.010948905,0.047445255,0.06
0.018248175,-0.040145985,0.06
0.018248175,-0.032846715,0.06
0.018248175,-0.025547445,0.06
0.018248175,-0.018248175,0.06
0.018248175,-0.010948905,0.06
0.018248175,-0.003649635,0.06
0.018248175,0.003649635,0.06
0.018248175,0.010948905,0.06
0.018248175,0.018248175,0.06
0.018248175,0.025547445,0.06
0.018248175,0.032846715,0.06
0.018248175,0.040145985,0.06
0.025547445,-0.032846715,0.06
0.025547445,-0.025547445,0.06
0.025547445,-0.018248175,0.06
0.025547445,-0.010948905,0.06
0.025547445,-0.003649635,0.06
0.025547445,0.003649635,0.06
0.025547445,0.010948905,0.06
0.025547445,0.018248175,0.06
0.025547445,0.025547445,0.06
0.025547445,0.032846715,0.06
0.025547445,0.040145985,0.06
0.032846715,-0.018248175,0.06
0.032846715,-0.010948905,0.06
0.032846715,-0.003649635,0.06
0.032846715,0.003649635,0.06
0.032846715,0.010948905,0.06
0.032846715,0.018248175,0.06
0.032846715,0.025547445,0.06
0.032846715,0.032846715,0.06
0.040145985,-0.025547445,0.06
0.040145985,-0.018248175,0.06
0.040145985,-0.010948905,0.06
0.040145985,-0.003649635,0.06
0.040145985,0.003649635,0.06
0.040145985,0.010948905,0.06
0.040145985,0.018248175,0.06
0.040145985,0.025547445,0.06
0.047445255,-0.010948905,0.06
0.047445255,-0.003649635,0.06
0.047445255,0.010948905,0.06
-0.04379562,-0.02189781,0.066
-0.04379562,-0.01459854,0.066
-0.04379562,-0.00729927,0.066
-0.04379562,0.00729927,0.066
-0.04379562,0.01459854,0.066
-0.04379562,0.02189781,0.066
-0.03649635,-0.02919708,0.066
-0.03649635,-0.02189781,0.066
-0.03649635,-0.01459854,0.066
-0.03649635,-0.00729927,0.066
-0.03649635,0,0.066
-0.03649635,0.00729927,0.066
-0.03649635,0.01459854,0.066
-0.03649635,0.02189781,0.066
-0.03649635,0.02919708,0.066
-0.02919708,-0.02919708,0.066
-0.02919708,-0.02189781,0.066
-0.02919708,-0.01459854,0.066
-0.02919708,-0.00729927,0.066
-0.02919708,0,0.066
-0.02919708,0.00729927,0.066
-0.02919708,0.01459854,0.066
-0.02919708,0.02189781,0.066
-0.02919708,0.03649635,0.066
-0.02189781,-0.04379562,0.066
-0.02189781,-0.03649635,0.066
-0.02189781,-0.02919708,0.066
-0.02189781,-0.02189781,0.066
-0.02189781,-0.01459854,0.066
-0.02189781,-0.00729927,0.066
-0.02189781,0,0.066
-0.02189781,0.00729927,0.066
-0.02189781,0.01459854,0.066
-0.02189781,0.02189781,0.066
-0.02189781,0.02919708,0.066
-0.01459854,-0.04379562,0.066
-0.01459854,-0.02919708,0.066
-0.01459854,-0.02189781,0.066
-0.01459854,-0.01459854,0.066
-0.01459854,-0.00729927,0.066
-0.01459854,0,0.066
-0.01459854,0.00729927,0.066
-0.01459854,0.01459854,0.066
-0.01459854,0.02189781,0.066
-0.01459854,0.02919708,0.066
-0.01459854,0.03649635,0.066
-0.01459854,0.04379562,0.066
-0.00729927,-0.04379562,0.066
-0.00729927,-0.02919708,0.066
-0.00729927,-0.02189781,0.066
-0.00729927,-0.01459854,0.066
-0.00729927,-0.00729927,0.066
-0.00729927,0,0.066
-0.00729927,0.00729927,0.066
-0.00729927,0.01459854,0.066
-0.00729927,0.02189781,0.066
-0.00729927,0.02919708,0.066
-0.00729927,0.03649635,0.066
-0.00729927,0.04379562,0.066
0,-0.04379562,0.066
0,-0.03649635,0.066
0,-0.02919708,0.066
0,-0.02189781,0.066
0,-0.01459854,0.066
0,-0.00729927,0.066
0,0,0.066
0,0.00729927,0.066
0,0.01459854,0.066
0,0.02189781,0.066
0,0.02919708,0.066
0,0.03649635,0.066
0,0.04379562,0.066
0,0.05109489,0.066
0.00729927,-0.04379562,0.066
0.00729927,-0.03649635,0.066
0.00729927,-0.02919708,0.066
0.00729927,-0.02189781,0.066
0.00729927,-0.01459854,0.066
0.00729927,-0.00729927,0.066
0.00729927,0,0.066
0.00729927,0.00729927,0.066
0.00729927,0.01459854,0.066
0.00729927,0.02189781,0.066
0.00729927,0.02919708,0.066
0.00729927,0.04379562,0.066
0.01459854,-0.04379562,0.066
0.01459854,-0.03649635,0.066
0.01459854,-0.02919708,0.066
0.01459854,-0.02189781,0.066
0.01459854,-0.01459854,0.066
0.01459854,-0.00729927,0.066
0.01459854,0,0.066
0.01459854,0.00729927,0.066
0.01459854,0.01459854,0.066
0.01459854,0.02189781,0.066
0.01459854,0.02919708,0.066
0.01459854,0.04379562,0.066
0.02189781,-0.02919708,0.066
0.02189781,-0.02189781,0.066
0.02189781,-0.01459854,0.066
0.02189781,-0.00729927,0.066
0.02189781,0,0.066
0.02189781,0.00729927,0.066
0.02189781,0.01459854,0.066
0.02189781,0.02189781,0.066
0.02189781,0.02919708,0.066
0.02189781,0.03649635,0.066
0.02189781,0.04379562,0.066
0.02919708,-0.03649635,0.066
0.02919708,-0.02189781,0.066
0.02919708,-0.01459854,0.066
0.02919708,-0.00729927,0.066
0.02919708,0,0.066
0.02919708,0.00729927,0.066
0.02919708,0.01459854,0.066
0.02919708,0.02189781,0.066
0.02919708,0.02919708,0.066
0.02919708,0.03649635,0.066
0.03649635,-0.02919708,0.066
0.03649635,-0.02189781,0.066
0.03649635,-0.01459854,0.066
0.03649635,-0.00729927,0.066
0.03649635,0,0.066
0.03649635,0.00729927,0.066
0.03649635,0.01459854,0.066
0.03649635,0.02189781,0.066
0.03649635,0.02919708,0.066
0.04379562,-0.02189781,0.066
0.04379562,-0.01459854,0.066
0.04379562,-0.00729927,0.066
0.04379562,0.01459854,0.066
0.04379562,0.02189781,0.066
0.05109489,0,0.066
-0.047445255,-0.018248175,0.072
-0.047445255,-0.010948905,0.072
-0.047445255,-0.003649635,0.072
-0.047445255,0.003649635,0.072
-0.040145985,-0.025547445,0.072
-0.040145985,-0.018248175,0.072
-0.040145985,-0.010948905,0.072
-0.040145985,0.010948905,0.072
-0.040145985,0.018248175,0.072
-0.040145985,0.025547445,0.072
-0.040145985,0.032846715,0.072
-0.032846715,-0.040145985,0.072
-0.032846715,-0.025547445,0.072
-0.032846715,-0.018248175,0.072
-0.032846715,-0.010948905,0.072
-0.032846715,-0.003649635,0.072
-0.032846715,0.003649635,0.072
-0.032846715,0.010948905,0.072
-0.032846715,0.018248175,0.072
-0.032846715,0.025547445,0.072
-0.032846715,0.032846715,0.072
-0.032846715,0.040145985,0.072
-0.025547445,-0.040145985,0.072
-0.025547445,-0.025547445,0.072
-0.025547445,-0.018248175,0.072
-0.025547445,-0.010948905,0.072
-0.025547445,-0.003649635,0.072
-0.025547445,0.003649635,0.072
-0.025547445,0.010948905,0.072
-0.025547445,0.018248175,0.072
-0.025547445,0.032846715,0.072
-0.025547445,0.040145985,0.072
-0.025547445,0.047445255,0.072
-0.018248175,-0.047445255,0.072
-0.018248175,-0.040145985,0.072
-0.018248175,-0.025547445,0.072
-0.018248175,-0.018248175,0.072
-0.018248175,-0.010948905,0.072
-0.018248175,-0.003649635,0.072
-0.018248175,0.003649635,0.072
-0.018248175,0.010948905,0.072
-0.018248175,0.018248175,0.072
-0.018248175,0.025547445,0.072
-0.018248175,0.032846715,0.072
-0.018248175,0.047445255,0.072
-0.010948905,-0.047445255,0.072
-0.010948905,-0.040145985,0.072
-0.010948905,-0.025547445,0.072
-0.010948905,-0.018248175,0.072
-0.010948905,-0.010948905,0.072
-0.010948905,-0.003649635,0.072
-0.010948905,0.003649635,0.072
-0.010948905,0.010948905,0.072
-0.010948905,0.018248175,0.072
-0.010948905,0.025547445,0.072
-0.010948905,0.032846715,0.072
-0.010948905,0.040145985,0.072
-0.003649635,-0.047445255,0.072
-0.003649635,-0.040145985,0.072
-0.003649635,-0.032846715,0.072
-0.003649635,-0.025547445,0.072
-0.003649635,-0.018248175,0.072
-0.003649635,-0.010948905,0.072
-0.003649635,-0.003649635,0.072
-0.003649635,0.003649635,0.072
-0.003649635,0.010948905,0.072
-0.003649635,0.018248175,0.072
-0.003649635,0.025547445,0.072
-0.003649635,0.032846715,0.072
-0.003649635,0.040145985,0.072
-0.003649635,0.047445255,0.072
0.003649635,-0.047445255,0.072
0.003649635,-0.040145985,0.072
0.003649635,-0.032846715,0.072
0.003649635,-0.025547445,0.072
0.003649635,-0.018248175,0.072
0.003649635,-0.010948905,0.072
0.003649635,-0.003649635,0.072
0.003649635,0.003649635,0.072
0.003649635,0.010948905,0.072
0.003649635,0.018248175,0.072
0.003649635,0.025547445,0.072
0.003649635,0.032846715,0.072
0.003649635,0.040145985,0.072
0.003649635,0.047445255,0.072
0.010948905,-0.040145985,0.072
0.010948905,-0.032846715,0.072
0.010948905,-0.025547445,0.072
0.010948905,-0.018248175,0.072
0.010948905,-0.010948905,0.072
0.010948905,-0.003649635,0.072
0.010948905,0.003649635,0.072
0.010948905,0.010948905,0.072
0.010948905,0.018248175,0.072
0.010948905,0.025547445,0.072
0.010948905,0.040145985,0.072
0.010948905,0.047445255,0.072
0.018248175,-0.047445255,0.072
0.018248175,-0.032846715,0.072
0.018248175,-0.025547445,0.072
0.018248175,-0.018248175,0.072
0.018248175,-0.010948905,0.072
0.018248175,-0.003649635,0.072
0.018248175,0.003649635,0.072
0.018248175,0.010948905,0.072
0.018248175,0.018248175,0.072
0.018248175,0.025547445,0.072
0.018248175,0.040145985,0.072
0.018248175,0.047445255,0.072
0.025547445,-0.047445255,0.072
0.025547445,-0.040145985,0.072
0.025547445,-0.032846715,0.072
0.025547445,-0.018248175,0.072
0.025547445,-0.010948905,0.072
0.025547445,-0.003649635,0.072
0.025547445,0.003649635,0.072
0.025547445,0.010948905,0.072
0.025547445,0.018248175,0.072
0.025547445,0.025547445,0.072
0.025547445,0.032846715,0.072
0.025547445,0.040145985,0.072
0.025547445,0.047445255,0.072
0.032846715,-0.040145985,0.072
0.032846715,-0.032846715,0.072
0.032846715,-0.025547445,0.072
0.032846715,-0.018248175,0.072
0.032846715,-0.010948905,0.072
0.032846715,-0.003649635,0.072
0.032846715,0.003649635,0.072
0.032846715,0.010948905,0.072
0.032846715,0.018248175,0.072
0.032846715,0.025547445,0.072
0.032846715,0.040145985,0.072
0.040145985,-0.032846715,0.072
0.040145985,-0.025547445,0.072
0.040145985,-0.018248175,0.072
0.040145985,-0.010948905,0.072
0.040145985,-0.003649635,0.072
0.040145985,0.010948905,0.072
0.040145985,0.018248175,0.072
0.040145985,0.025547445,0.072
0.047445255,-0.003649635,0.072
0.047445255,0.003649635,0.072
0.047445255,0.010948905,0.072
0.047445255,0.018248175,0.072
-0.05839416,-0.00729927,0.078
-0.05839416,0,0.078
-0.05839416,0.00729927,0.078
-0.05109489,-0.02919708,0.078
-0.05109489,-0.01459854,0.078
-0.05109489,-0.00729927,0.078
-0.05109489,0,0.078
-0.05109489,0.00729927,0.078
-0.05109489,0.01459854,0.078
-0.05109489,0.02189781,0.078
-0.05109489,0.02919708,0.078
-0.04379562,-0.03649635,0.078
-0.04379562,-0.02919708,0.078
-0.04379562,-0.02189781,0.078
-0.04379562,-0.01459854,0.078
-0.04379562,-0.00729927,0.078
-0.04379562,0,0.078
-0.04379562,0.00729927,0.078
-0.03649635,-0.04379562,0.078
-0.03649635,-0.03649635,0.078
-0.03649635,-0.02189781,0.078
-0.03649635,-0.01459854,0.078
-0.03649635,-0.00729927,0.078
-0.03649635,0.00729927,0.078
-0.03649635,0.01459854,0.078
-0.03649635,0.02189781,0.078
-0.03649635,0.02919708,0.078
-0.03649635,0.03649635,0.078
-0.03649635,0.04379562,0.078
-0.02919708,-0.05109489,0.078
-0.02919708,-0.04379562,0.078
-0.02919708,-0.03649635,0.078
-0.02919708,-0.02189781,0.078
-0.02919708,-0.01459854,0.078
-0.02919708,0,0.078
-0.02919708,0.00729927,0.078
-0.02919708,0.01459854,0.078
-0.02919708,0.02189781,0.078
-0.02919708,0.02919708,0.078
-0.02919708,0.03649635,0.078
-0.02919708,0.04379562,0.078
-0.02919708,0.05109489,0.078
-0.02189781,-0.05109489,0.078
-0.02189781,-0.04379562,0.078
-0.02189781,-0.03649635,0.078
-0.02189781,-0.02189781,0.078
-0.02189781,-0.01459854,0.078
-0.02189781,-0.00729927,0.078
-0.02189781,0,0.078
-0.02189781,0.00729927,0.078
-0.02189781,0.01459854,0.078
-0.02189781,0.02919708,0.078
-0.02189781,0.03649635,0.078
-0.02189781,0.04379562,0.078
-0.02189781,0.05109489,0.078
-0.01459854,-0.05109489,0.078
-0.01459854,-0.04379562,0.078
-0.01459854,-0.03649635,0.078
-0.01459854,-0.02189781,0.078
-0.01459854,-0.01459854,0.078
-0.01459854,-0.00729927,0.078
-0.01459854,0,0.078
-0.01459854,0.00729927,0.078
-0.01459854,0.01459854,0.078
-0.01459854,0.02189781,0.078
-0.01459854,0.02919708,0.078
-0.01459854,0.04379562,0.078
-0.01459854,0.05109489,0.078
-0.00729927,-0.05839416,0.078
-0.00729927,-0.05109489,0.078
-0.00729927,-0.04379562,0.078
-0.00729927,-0.03649635,0.078
-0.00729927,-0.02189781,0.078
-0.00729927,-0.01459854,0.078
-0.00729927,-0.00729927,0.078
-0.00729927,0,0.078
-0.00729927,0.00729927,0.078
-0.00729927,0.01459854,0.078
-0.00729927,0.02189781,0.078
-0.00729927,0.02919708,0.078
-0.00729927,0.03649635,0.078
-0.00729927,0.05109489,0.078
-0.00729927,0.05839416,0.078
0,-0.05839416,0.078
0,-0.04379562,0.078
0,-0.03649635,0.078
0,-0.02919708,0.078
0,-0.02189781,0.078
0,-0.01459854,0.078
0,-0.00729927,0.078
0,0,0.078
0,0.00729927,0.078
0,0.01459854,0.078
0,0.02189781,0.078
0,0.02919708,0.078
0,0.03649635,0.078
0,0.04379562,0.078
0,0.05839416,0.078
0.00729927,-0.05839416,0.078
0.00729927,-0.05109489,0.078
0.00729927,-0.03649635,0.078
0.00729927,-0.02919708,0.078
0.00729927,-0.02189781,0.078
0.00729927,-0.01459854,0.078
0.00729927,-0.00729927,0.078
0.00729927,0,0.078
0.00729927,0.00729927,0.078
0.00729927,0.01459854,0.078
0.00729927,0.02189781,0.078
0.00729927,0.03649635,0.078
0.00729927,0.04379562,0.078
0.00729927,0.05109489,0.078
0.00729927,0.05839416,0.078
0.01459854,-0.05109489,0.078
0.01459854,-0.04379562,0.078
0.01459854,-0.02919708,0.078
0.01459854,-0.02189781,0.078
0.01459854,-0.01459854,0.078
0.01459854,-0.00729927,0.078
0.01459854,0,0.078
0.01459854,0.00729927,0.078
0.01459854,0.01459854,0.078
0.01459854,0.02189781,0.078
0.01459854,0.03649635,0.078
0.01459854,0.04379562,0.078
0.01459854,0.05109489,0.078
0.02189781,-0.05109489,0.078
0.02189781,-0.04379562,0.078
0.02189781,-0.03649635,0.078
0.02189781,-0.02919708,0.078
0.02189781,-0.01459854,0.078
0.02189781,-0.00729927,0.078
0.02189781,0,0.078
0.02189781,0.00729927,0.078
0.02189781,0.01459854,0.078
0.02189781,0.02189781,0.078
0.02189781,0.02919708,0.078
0.02189781,0.03649635,0.078
0.02189781,0.04379562,0.078
0.02189781,0.05109489,0.078
0.02919708,-0.05109489,0.078
0.02919708,-0.04379562,0.078
0.02919708,-0.03649635,0.078
0.02919708,-0.02919708,0.078
0.02919708,-0.02189781,0.078
0.02919708,-0.01459854,0.078
0.02919708,-0.00729927,0.078
0.02919708,0,0.078
0.02919708,0.01459854,0.078
0.02919708,0.02189781,0.078
0.02919708,0.03649635,0.078
0.02919708,0.04379562,0.078
0.02919708,0.05109489,0.078
0.03649635,-0.04379562,0.078
0.03649635,-0.03649635,0.078
0.03649635,-0.02919708,0.078
0.03649635,-0.02189781,0.078
0.03649635,-0.01459854,0.078
0.03649635,-0.00729927,0.078
0.03649635,0.00729927,0.078
0.03649635,0.01459854,0.078
0.03649635,0.02189781,0.078
0.03649635,0.03649635,0.078
0.03649635,0.04379562,0.078
0.04379562,0,0.078
0.04379562,0.00729927,0.078
0.04379562,0.01459854,0.078
0.04379562,0.02189781,0.078
0.04379562,0.03649635,0.078
0.05109489,-0.02919708,0.078
0.05109489,-0.02189781,0.078
0.05109489,-0.01459854,0.078
0.05109489,-0.00729927,0.078
0.05109489,0,0.078
0.05109489,0.00729927,0.078
0.05109489,0.01459854,0.078
0.05109489,0.02919708,0.078
0.05839416,-0.00729927,0.078
0.05839416,0,0.078
0.05839416,0.00729927,0.078
-0.069343065,-0.018248175,0.084
-0.069343065,-0.010948905,0.084
-0.069343065,-0.003649635,0.084
-0.069343065,0.003649635,0.084
-0.062043795,-0.032846715,0.084
-0.062043795,-0.025547445,0.084
-0.062043795,-0.018248175,0.084
-0.062043795,-0.010948905,0.084
-0.062043795,0.003649635,0.084
-0.062043795,0.010948905,0.084
-0.062043795,0.018248175,0.084
-0.062043795,0.025547445,0.084
-0.062043795,0.032846715,0.084
-0.054744525,-0.047445255,0.084
-0.054744525,-0.040145985,0.084
-0.054744525,-0.032846715,0.084
-0.054744525,-0.025547445,0.084
-0.054744525,-0.018248175,0.084
-0.054744525,-0.003649635,0.084
-0.054744525,0.003649635,0.084
-0.054744525,0.010948905,0.084
-0.054744525,0.018248175,0.084
-0.054744525,0.025547445,0.084
-0.054744525,0.032846715,0.084
-0.054744525,0.040145985,0.084
-0.054744525,0.047445255,0.084
-0.047445255,-0.047445255,0.084
-0.047445255,-0.040145985,0.084
-0.047445255,-0.032846715,0.084
-0.047445255,-0.025547445,0.084
-0.047445255,-0.010948905,0.084
-0.047445255,-0.003649635,0.084
-0.047445255,0.003649635,0.084
-0.047445255,0.010948905,0.084
-0.047445255,0.018248175,0.084
-0.047445255,0.025547445,0.084
-0.047445255,0.032846715,0.084
-0.047445255,0.040145985,0.084
-0.047445255,0.047445255,0.084
-0.047445255,0.054744525,0.084
-0.040145985,-0.047445255,0.084
-0.040145985,-0.040145985,0.084
-0.040145985,-0.032846715,0.084
-0.040145985,-0.018248175,0.084
-0.040145985,-0.010948905,0.084
-0.040145985,-0.003649635,0.084
-0.040145985,0.003649635,0.084
-0.040145985,0.047445255,0.084
-0.040145985,0.054744525,0.084
-0.032846715,-0.062043795,0.084
-0.032846715,-0.047445255,0.084
-0.032846715,-0.040145985,0.084
-0.032846715,-0.032846715,0.084
-0.032846715,-0.018248175,0.084
-0.032846715,-0.010948905,0.084
-0.032846715,-0.003649635,0.084
-0.032846715,0.010948905,0.084
-0.032846715,0.018248175,0.084
-0.032846715,0.025547445,0.084
-0.032846715,0.032846715,0.084
-0.032846715,0.040145985,0.084
-0.032846715,0.047445255,0.084
-0.032846715,0.062043795,0.084
-0.025547445,-0.062043795,0.084
-0.025547445,-0.047445255,0.084
-0.025547445,-0.040145985,0.084
-0.025547445,-0.032846715,0.084
-0.025547445,-0.025547445,0.084
-0.025547445,-0.018248175,0.084
-0.025547445,-0.010948905,0.084
-0.025547445,0.003649635,0.084
-0.025547445,0.010948905,0.084
-0.025547445,0.018248175,0.084
-0.025547445,0.025547445,0.084
-0.025547445,0.032846715,0.084
-0.025547445,0.040145985,0.084
-0.025547445,0.047445255,0.084
-0.025547445,0.054744525,0.084
-0.018248175,-0.069343065,0.084
-0.018248175,-0.062043795,0.084
-0.018248175,-0.047445255,0.084
-0.018248175,-0.040145985,0.084
-0.018248175,-0.032846715,0.084
-0.018248175,-0.018248175,0.084
-0.018248175,-0.010948905,0.084
-0.018248175,-0.003649635,0.084
-0.018248175,0.003649635,0.084
-0.018248175,0.010948905,0.084
-0.018248175,0.032846715,0.084
-0.018248175,0.040145985,0.084
-0.018248175,0.047445255,0.084
-0.018248175,0.054744525,0.084
-0.018248175,0.062043795,0.084
-0.018248175,0.069343065,0.084
-0.010948905,-0.069343065,0.084
-0.010948905,-0.062043795,0.084
-0.010948905,-0.047445255,0.084
-0.010948905,-0.040145985,0.084
-0.010948905,-0.032846715,0.084
-0.010948905,-0.018248175,0.084
-0.010948905,-0.010948905,0.084
-0.010948905,-0.003649635,0.084
-0.010948905,0.003649635,0.084
-0.010948905,0.010948905,0.084
-0.010948905,0.018248175,0.084
-0.010948905,0.025547445,0.084
-0.010948905,0.032846715,0.084
-0.010948905,0.047445255,0.084
-0.010948905,0.054744525,0.084
-0.010948905,0.062043795,0.084
-0.010948905,0.069343065,0.084
-0.003649635,-0.069343065,0.084
-0.003649635,-0.062043795,0.084
-0.003649635,-0.054744525,0.084
-0.003649635,-0.040145985,0.084
-0.003649635,-0.032846715,0.084
-0.003649635,-0.025547445,0.084
-0.003649635,-0.018248175,0.084
-0.003649635,-0.010948905,0.084
-0.003649635,-0.003649635,0.084
-0.003649635,0.003649635,0.084
-0.003649635,0.010948905,0.084
-0.003649635,0.018248175,0.084
-0.003649635,0.025547445,0.084
-0.003649635,0.032846715,0.084
-0.003649635,0.040145985,0.084
-0.003649635,0.054744525,0.084
-0.003649635,0.062043795,0.084
-0.003649635,0.069343065,0.084
0.003649635,-0.069343065,0.084
0.003649635,-0.062043795,0.084
0.003649635,-0.054744525,0.084
0.003649635,-0.040145985,0.084
0.003649635,-0.032846715,0.084
0.003649635,-0.025547445,0.084
0.003649635,-0.018248175,0.084
0.003649635,-0.010948905,0.084
0.003649635,-0.003649635,0.084
0.003649635,0.003649635,0.084
0.003649635,0.010948905,0.084
0.003649635,0.018248175,0.084
0.003649635,0.025547445,0.084
0.003649635,0.032846715,0.084
0.003649635,0.040145985,0.084
0.003649635,0.054744525,0.084
0.003649635,0.062043795,0.084
0.003649635,0.069343065,0.084
0.010948905,-0.069343065,0.084
0.010948905,-0.062043795,0.084
0.010948905,-0.054744525,0.084
0.010948905,-0.047445255,0.084
0.010948905,-0.032846715,0.084
0.010948905,-0.025547445,0.084
0.010948905,-0.018248175,0.084
0.010948905,-0.010948905,0.084
0.010948905,-0.003649635,0.084
0.010948905,0.003649635,0.084
0.010948905,0.010948905,0.084
0.010948905,0.018248175,0.084
0.010948905,0.032846715,0.084
0.010948905,0.040145985,0.084
0.010948905,0.047445255,0.084
0.010948905,0.062043795,0.084
0.010948905,0.069343065,0.084
0.018248175,-0.069343065,0.084
0.018248175,-0.062043795,0.084
0.018248175,-0.054744525,0.084
0.018248175,-0.047445255,0.084
0.018248175,-0.040145985,0.084
0.018248175,-0.032846715,0.084
0.018248175,-0.010948905,0.084
0.018248175,-0.003649635,0.084
0.018248175,0.003649635,0.084
0.018248175,0.010948905,0.084
0.018248175,0.018248175,0.084
0.018248175,0.025547445,0.084
0.018248175,0.032846715,0.084
0.018248175,0.040145985,0.084
0.018248175,0.047445255,0.084
0.018248175,0.062043795,0.084
0.018248175,0.069343065,0.084
0.025547445,-0.054744525,0.084
0.025547445,-0.047445255,0.084
0.025547445,-0.040145985,0.084
0.025547445,-0.032846715,0.084
0.025547445,-0.025547445,0.084
0.025547445,-0.018248175,0.084
0.025547445,-0.010948905,0.084
0.025547445,-0.003649635,0.084
0.025547445,0.003649635,0.084
0.025547445,0.010948905,0.084
0.025547445,0.018248175,0.084
0.025547445,0.025547445,0.084
0.025547445,0.032846715,0.084
0.025547445,0.040145985,0.084
0.025547445,0.047445255,0.084
0.025547445,0.062043795,0.084
0.032846715,-0.062043795,0.084
0.032846715,-0.047445255,0.084
0.032846715,-0.040145985,0.084
0.032846715,-0.032846715,0.084
0.032846715,-0.025547445,0.084
0.032846715,-0.018248175,0.084
0.032846715,-0.010948905,0.084
0.032846715,0.003649635,0.084
0.032846715,0.010948905,0.084
0.032846715,0.018248175,0.084
0.032846715,0.032846715,0.084
0.032846715,0.040145985,0.084
0.032846715,0.047445255,0.084
0.032846715,0.062043795,0.084
0.040145985,-0.054744525,0.084
0.040145985,-0.047445255,0.084
0.040145985,-0.003649635,0.084
0.040145985,0.003649635,0.084
0.040145985,0.010948905,0.084
0.040145985,0.018248175,0.084
0.040145985,0.032846715,0.084
0.040145985,0.040145985,0.084
0.040145985,0.047445255,0.084
0.047445255,-0.054744525,0.084
0.047445255,-0.047445255,0.084
0.047445255,-0.040145985,0.084
0.047445255,-0.032846715,0.084
0.047445255,-0.025547445,0.084
0.047445255,-0.018248175,0.084
0.047445255,-0.010948905,0.084
0.047445255,-0.003649635,0.084
0.047445255,0.003649635,0.084
0.047445255,0.010948905,0.084
0.047445255,0.025547445,0.084
0.047445255,0.032846715,0.084
0.047445255,0.040145985,0.084
0.047445255,0.047445255,0.084
0.054744525,-0.047445255,0.084
0.054744525,-0.040145985,0.084
0.054744525,-0.032846715,0.084
0.054744525,-0.025547445,0.084
0.054744525,-0.018248175,0.084
0.054744525,-0.010948905,0.084
0.054744525,-0.003649635,0.084
0.054744525,0.003649635,0.084
0.054744525,0.018248175,0.084
0.054744525,0.025547445,0.084
0.054744525,0.032846715,0.084
0.054744525,0.040145985,0.084
0.054744525,0.047445255,0.084
0.062043795,-0.032846715,0.084
0.062043795,-0.025547445,0.084
0.062043795,-0.018248175,0.084
0.062043795,-0.010948905,0.084
0.062043795,-0.003649635,0.084
0.062043795,0.010948905,0.084
0.062043795,0.018248175,0.084
0.062043795,0.025547445,0.084
0.062043795,0.032846715,0.084
0.069343065,-0.018248175,0.084
0.069343065,0.003649635,0.084
0.069343065,0.010948905,0.084
0.069343065,0.018248175,0.084
-0.10948905,-0.01459854,0.09
-0.10948905,-0.00729927,0.09
-0.10948905,0,0.09
-0.10948905,0.00729927,0.09
-0.10948905,0.01459854,0.09
-0.10218978,-0.03649635,0.09
-0.10218978,-0.02919708,0.09
-0.10218978,-0.02189781,0.09
-0.10218978,0,0.09
-0.10218978,0.00729927,0.09
-0.10218978,0.01459854,0.09
-0.10218978,0.02189781,0.09
-0.10218978,0.02919708,0.09
-0.10218978,0.03649635,0.09
-0.09489051,-0.05109489,0.09
-0.09489051,-0.04379562,0.09
-0.09489051,-0.03649635,0.09
-0.09489051,-0.02919708,0.09
-0.09489051,-0.01459854,0.09
-0.09489051,-0.00729927,0.09
-0.09489051,0,0.09
-0.09489051,0.00729927,0.09
-0.09489051,0.01459854,0.09
-0.09489051,0.02189781,0.09
-0.09489051,0.02919708,0.09
-0.09489051,0.03649635,0.09
-0.09489051,0.04379562,0.09
-0.09489051,0.05109489,0.09
-0.08759124,-0.06569343,0.09
-0.08759124,-0.05839416,0.09
-0.08759124,-0.05109489,0.09
-0.08759124,-0.04379562,0.09
-0.08759124,-0.03649635,0.09
-0.08759124,-0.02189781,0.09
-0.08759124,-0.01459854,0.09
-0.08759124,-0.00729927,0.09
-0.08759124,0,0.09
-0.08759124,0.00729927,0.09
-0.08759124,0.01459854,0.09
-0.08759124,0.02189781,0.09
-0.08759124,0.02919708,0.09
-0.08759124,0.03649635,0.09
-0.08759124,0.04379562,0.09
-0.08759124,0.05109489,0.09
-0.08759124,0.05839416,0.09
-0.08759124,0.06569343,0.09
-0.08029197,-0.0729927,0.09
-0.08029197,-0.06569343,0.09
-0.08029197,-0.05839416,0.09
-0.08029197,-0.05109489,0.09
-0.08029197,-0.04379562,0.09
-0.08029197,-0.02919708,0.09
-0.08029197,-0.02189781,0.09
-0.08029197,-0.01459854,0.09
-0.08029197,-0.00729927,0.09
-0.08029197,0,0.09
-0.08029197,0.00729927,0.09
-0.08029197,0.01459854,0.09
-0.08029197,0.02189781,0.09
-0.08029197,0.02919708,0.09
-0.08029197,0.03649635,0.09
-0.08029197,0.04379562,0.09
-0.08029197,0.05109489,0.09
-0.08029197,0.05839416,0.09
-0.08029197,0.06569343,0.09
-0.08029197,0.0729927,0.09
-0.0729927,-0.08029197,0.09
-0.0729927,-0.0729927,0.09
-0.0729927,-0.06569343,0.09
-0.0729927,-0.05839416,0.09
-0.0729927,-0.05109489,0.09
-0.0729927,-0.04379562,0.09
-0.0729927,-0.03649635,0.09
-0.0729927,-0.02919708,0.09
-0.0729927,-0.02189781,0.09
-0.0729927,-0.01459854,0.09
-0.0729927,-0.00729927,0.09
-0.0729927,0,0.09
-0.0729927,0.00729927,0.09
-0.0729927,0.01459854,0.09
-0.0729927,0.05839416,0.09
-0.0729927,0.06569343,0.09
-0.0729927,0.0729927,0.09
-0.0729927,0.08029197,0.09
-0.06569343,-0.08759124,0.09
-0.06569343,-0.08029197,0.09
-0.06569343,-0.0729927,0.09
-0.06569343,-0.06569343,0.09
-0.06569343,-0.05839416,0.09
-0.06569343,-0.05109489,0.09
-0.06569343,-0.03649635,0.09
-0.06569343,-0.02919708,0.09
-0.06569343,-0.02189781,0.09
-0.06569343,-0.01459854,0.09
-0.06569343,-0.00729927,0.09
-0.06569343,0,0.09
-0.06569343,0.01459854,0.09
-0.06569343,0.02189781,0.09
-0.06569343,0.02919708,0.09
-0.06569343,0.03649635,0.09
-0.06569343,0.04379562,0.09
-0.06569343,0.05109489,0.09
-0.06569343,0.05839416,0.09
-0.06569343,0.08029197,0.09
-0.06569343,0.08759124,0.09
-0.05839416,-0.08759124,0.09
-0.05839416,-0.08029197,0.09
-0.05839416,-0.0729927,0.09
-0.05839416,-0.06569343,0.09
-0.05839416,-0.05839416,0.09
-0.05839416,-0.04379562,0.09
-0.05839416,-0.03649635,0.09
-0.05839416,-0.02919708,0.09
-0.05839416,-0.02189781,0.09
-0.05839416,-0.01459854,0.09
-0.05839416,0,0.09
-0.05839416,0.00729927,0.09
-0.05839416,0.01459854,0.09
-0.05839416,0.02189781,0.09
-0.05839416,0.02919708,0.09
-0.05839416,0.03649635,0.09
-0.05839416,0.04379562,0.09
-0.05839416,0.05109489,0.09
-0.05839416,0.05839416,0.09
-0.05839416,0.06569343,0.09
-0.05839416,0.0729927,0.09
-0.05839416,0.08029197,0.09
-0.05109489,-0.09489051,0.09
-0.05109489,-0.08759124,0.09
-0.05109489,-0.08029197,0.09
-0.05109489,-0.0729927,0.09
-0.05109489,-0.06569343,0.09
-0.05109489,-0.05839416,0.09
-0.05109489,-0.04379562,0.09
-0.05109489,-0.03649635,0.09
-0.05109489,-0.02919708,0.09
-0.05109489,-0.02189781,0.09
-0.05109489,-0.00729927,0.09
-0.05109489,0,0.09
-0.05109489,0.00729927,0.09
-0.05109489,0.01459854,0.09
-0.05109489,0.02189781,0.09
-0.05109489,0.02919708,0.09
-0.05109489,0.03649635,0.09
-0.05109489,0.04379562,0.09
-0.05109489,0.05109489,0.09
-0.05109489,0.05839416,0.09
-0.05109489,0.06569343,0.09
-0.05109489,0.0729927,0.09
-0.05109489,0.08029197,0.09
-0.05109489,0.08759124,0.09
-0.05109489,0.09489051,0.09
-0.04379562,-0.08759124,0.09
-0.04379562,-0.08029197,0.09
-0.04379562,-0.0729927,0.09
-0.04379562,-0.06569343,0.09
-0.04379562,-0.05839416,0.09
-0.04379562,-0.04379562,0.09
-0.04379562,-0.03649635,0.09
-0.04379562,-0.02919708,0.09
-0.04379562,-0.01459854,0.09
-0.04379562,-0.00729927,0.09
-0.04379562,0,0.09
-0.04379562,0.00729927,0.09
-0.04379562,0.01459854,0.09
-0.04379562,0.02189781,0.09
-0.04379562,0.02919708,0.09
-0.04379562,0.03649635,0.09
-0.04379562,0.04379562,0.09
-0.04379562,0.05109489,0.09
-0.04379562,0.05839416,0.09
-0.04379562,0.06569343,0.09
-0.04379562,0.0729927,0.09
-0.04379562,0.08029197,0.09
-0.04379562,0.08759124,0.09
-0.04379562,0.09489051,0.09
-0.03649635,-0.10218978,0.09
-0.03649635,-0.08759124,0.09
-0.03649635,-0.08029197,0.09
-0.03649635,-0.0729927,0.09
-0.03649635,-0.06569343,0.09
-0.03649635,-0.05839416,0.09
-0.03649635,-0.05109489,0.09
-0.03649635,-0.04379562,0.09
-0.03649635,-0.03649635,0.09
-0.03649635,-0.02919708,0.09
-0.03649635,-0.01459854,0.09
-0.03649635,-0.00729927,0.09
-0.03649635,0,0.09
-0.03649635,0.05109489,0.09
-0.03649635,0.05839416,0.09
-0.03649635,0.06569343,0.09
-0.03649635,0.0729927,0.09
-0.03649635,0.08029197,0.09
-0.03649635,0.08759124,0.09
-0.03649635,0.09489051,0.09
-0.03649635,0.10218978,0.09
-0.02919708,-0.10218978,0.09
-0.02919708,-0.09489051,0.09
-0.02919708,-0.08759124,0.09
-0.02919708,-0.08029197,0.09
-0.02919708,-0.0729927,0.09
-0.02919708,-0.06569343,0.09
-0.02919708,-0.05839416,0.09
-0.02919708,-0.05109489,0.09
-0.02919708,-0.04379562,0.09
-0.02919708,-0.03649635,0.09
-0.02919708,-0.02919708,0.09
-0.02919708,-0.02189781,0.09
-0.02919708,-0.01459854,0.09
-0.02919708,-0.00729927,0.09
-0.02919708,0.00729927,0.09
-0.02919708,0.01459854,0.09
-0.02919708,0.02189781,0.09
-0.02919708,0.02919708,0.09
-0.02919708,0.03649635,0.09
-0.02919708,0.04379562,0.09
-0.02919708,0.05109489,0.09
-0.02919708,0.06569343,0.09
-0.02919708,0.0729927,0.09
-0.02919708,0.08029197,0.09
-0.02919708,0.08759124,0.09
-0.02919708,0.09489051,0.09
-0.02919708,0.10218978,0.09
-0.02189781,-0.10218978,0.09
-0.02189781,-0.09489051,0.09
-0.02189781,-0.08759124,0.09
-0.02189781,-0.08029197,0.09
-0.02189781,-0.0729927,0.09
-0.02189781,-0.06569343,0.09
-0.02189781,-0.05839416,0.09
-0.02189781,-0.04379562,0.09
-0.02189781,-0.03649635,0.09
-0.02189781,-0.02919708,0.09
-0.02189781,-0.02189781,0.09
-0.02189781,-0.01459854,0.09
-0.02189781,0.01459854,0.09
-0.02189781,0.02189781,0.09
-0.02189781,0.02919708,0.09
-0.02189781,0.03649635,0.09
-0.02189781,0.04379562,0.09
-0.02189781,0.05109489,0.09
-0.02189781,0.05839416,0.09
-0.02189781,0.0729927,0.09
-0.02189781,0.08029197,0.09
-0.02189781,0.08759124,0.09
-0.02189781,0.09489051,0.09
-0.02189781,0.10218978,0.09
-0.01459854,-0.10948905,0.09
-0.01459854,-0.10218978,0.09
-0.01459854,-0.09489051,0.09
-0.01459854,-0.08029197,0.09
-0.01459854,-0.0729927,0.09
-0.01459854,-0.06569343,0.09
-0.01459854,-0.05839416,0.09
-0.01459854,-0.04379562,0.09
-0.01459854,-0.03649635,0.09
-0.01459854,-0.02919708,0.09
-0.01459854,0.03649635,0.09
-0.01459854,0.04379562,0.09
-0.01459854,0.05109489,0.09
-0.01459854,0.05839416,0.09
-0.01459854,0.06569343,0.09
-0.01459854,0.08029197,0.09
-0.01459854,0.08759124,0.09
-0.01459854,0.09489051,0.09
-0.01459854,0.10218978,0.09
-0.01459854,0.10948905,0.09
-0.00729927,-0.10948905,0.09
-0.00729927,-0.10218978,0.09
-0.00729927,-0.09489051,0.09
-0.00729927,-0.08029197,0.09
-0.00729927,-0.0729927,0.09
-0.00729927,-0.06569343,0.09
-0.00729927,-0.05839416,0.09
-0.00729927,-0.04379562,0.09
-0.00729927,-0.03649635,0.09
-0.00729927,-0.02919708,0.09
-0.00729927,0.02919708,0.09
-0.00729927,0.04379562,0.09
-0.00729927,0.05109489,0.09
-0.00729927,0.05839416,0.09
-0.00729927,0.06569343,0.09
-0.00729927,0.0729927,0.09
-0.00729927,0.08759124,0.09
-0.00729927,0.09489051,0.09
-0.00729927,0.10218978,0.09
-0.00729927,0.10948905,0.09
0,-0.10948905,0.09
0,-0.10218978,0.09
0,-0.09489051,0.09
0,-0.08759124,0.09
0,-0.08029197,0.09
0,-0.0729927,0.09
0,-0.06569343,0.09
0,-0.05839416,0.09
0,-0.05109489,0.09
0,-0.03649635,0.09
0,-0.02919708,0.09
0,0.02919708,0.09
0,0.03649635,0.09
0,0.05109489,0.09
0,0.05839416,0.09
0,0.06569343,0.09
0,0.0729927,0.09
0,0.08029197,0.09
0,0.08759124,0.09
0,0.09489051,0.09
0,0.10218978,0.09
0,0.10948905,0.09
0.00729927,-0.10948905,0.09
0.00729927,-0.10218978,0.09
0.00729927,-0.09489051,0.09
0.00729927,-0.08759124,0.09
0.00729927,-0.0729927,0.09
0.00729927,-0.06569343,0.09
0.00729927,-0.05839416,0.09
0.00729927,-0.05109489,0.09
0.00729927,-0.04379562,0.09
0.00729927,-0.02919708,0.09
0.00729927,0.02919708,0.09
0.00729927,0.03649635,0.09
0.00729927,0.04379562,0.09
0.00729927,0.05839416,0.09
0.00729927,0.06569343,0.09
0.00729927,0.0729927,0.09
0.00729927,0.08029197,0.09
0.00729927,0.09489051,0.09
0.00729927,0.10218978,0.09
0.00729927,0.10948905,0.09
0.01459854,-0.10948905,0.09
0.01459854,-0.10218978,0.09
0.01459854,-0.09489051,0.09
0.01459854,-0.08759124,0.09
0.01459854,-0.08029197,0.09
0.01459854,-0.06569343,0.09
0.01459854,-0.05839416,0.09
0.01459854,-0.05109489,0.09
0.01459854,-0.04379562,0.09
0.01459854,-0.03649635,0.09
0.01459854,0.02189781,0.09
0.01459854,0.02919708,0.09
0.01459854,0.03649635,0.09
0.01459854,0.04379562,0.09
0.01459854,0.05839416,0.09
0.01459854,0.06569343,0.09
0.01459854,0.0729927,0.09
0.01459854,0.08029197,0.09
0.01459854,0.09489051,0.09
0.01459854,0.10218978,0.09
0.01459854,0.10948905,0.09
0.02189781,-0.10218978,0.09
0.02189781,-0.09489051,0.09
0.02189781,-0.08759124,0.09
0.02189781,-0.08029197,0.09
0.02189781,-0.0729927,0.09
0.02189781,-0.05839416,0.09
0.02189781,-0.05109489,0.09
0.02189781,-0.04379562,0.09
0.02189781,-0.03649635,0.09
0.02189781,-0.02919708,0.09
0.02189781,-0.02189781,0.09
0.02189781,-0.01459854,0.09
0.02189781,0.01459854,0.09
0.02189781,0.02189781,0.09
0.02189781,0.02919708,0.09
0.02189781,0.03649635,0.09
0.02189781,0.04379562,0.09
0.02189781,0.05109489,0.09
0.02189781,0.05839416,0.09
0.02189781,0.06569343,0.09
0.02189781,0.0729927,0.09
0.02189781,0.08029197,0.09
0.02189781,0.08759124,0.09
0.02189781,0.09489051,0.09
0.02189781,0.10218978,0.09
0.02919708,-0.10218978,0.09
0.02919708,-0.09489051,0.09
0.02919708,-0.08759124,0.09
0.02919708,-0.08029197,0.09
0.02919708,-0.0729927,0.09
0.02919708,-0.06569343,0.09
0.02919708,-0.05109489,0.09
0.02919708,-0.04379562,0.09
0.02919708,-0.03649635,0.09
0.02919708,-0.02919708,0.09
0.02919708,-0.02189781,0.09
0.02919708,-0.01459854,0.09
0.02919708,-0.00729927,0.09
0.02919708,0.00729927,0.09
0.02919708,0.01459854,0.09
0.02919708,0.02189781,0.09
0.02919708,0.02919708,0.09
0.02919708,0.03649635,0.09
0.02919708,0.04379562,0.09
0.02919708,0.05109489,0.09
0.02919708,0.05839416,0.09
0.02919708,0.06569343,0.09
0.02919708,0.0729927,0.09
0.02919708,0.08029197,0.09
0.02919708,0.08759124,0.09
0.02919708,0.10218978,0.09
0.03649635,-0.10218978,0.09
0.03649635,-0.09489051,0.09
0.03649635,-0.08759124,0.09
0.03649635,-0.08029197,0.09
0.03649635,-0.0729927,0.09
0.03649635,-0.06569343,0.09
0.03649635,-0.05839416,0.09
0.03649635,-0.05109489,0.09
0.03649635,0,0.09
0.03649635,0.00729927,0.09
0.03649635,0.01459854,0.09
0.03649635,0.02919708,0.09
0.03649635,0.03649635,0.09
0.03649635,0.04379562,0.09
0.03649635,0.05109489,0.09
0.03649635,0.05839416,0.09
0.03649635,0.06569343,0.09
0.03649635,0.0729927,0.09
0.03649635,0.08029197,0.09
0.03649635,0.08759124,0.09
0.03649635,0.10218978,0.09
0.04379562,-0.09489051,0.09
0.04379562,-0.08759124,0.09
0.04379562,-0.08029197,0.09
0.04379562,-0.0729927,0.09
0.04379562,-0.06569343,0.09
0.04379562,-0.05839416,0.09
0.04379562,-0.05109489,0.09
0.04379562,-0.04379562,0.09
0.04379562,-0.03649635,0.09
0.04379562,-0.02919708,0.09
0.04379562,-0.02189781,0.09
0.04379562,-0.01459854,0.09
0.04379562,-0.00729927,0.09
0.04379562,0,0.09
0.04379562,0.00729927,0.09
0.04379562,0.01459854,0.09
0.04379562,0.02919708,0.09
0.04379562,0.03649635,0.09
0.04379562,0.04379562,0.09
0.04379562,0.05839416,0.09
0.04379562,0.06569343,0.09
0.04379562,0.0729927,0.09
0.04379562,0.08029197,0.09
0.04379562,0.08759124,0.09
0.05109489,-0.09489051,0.09
0.05109489,-0.08759124,0.09
0.05109489,-0.08029197,0.09
0.05109489,-0.0729927,0.09
0.05109489,-0.06569343,0.09
0.05109489,-0.05839416,0.09
0.05109489,-0.05109489,0.09
0.05109489,-0.04379562,0.09
0.05109489,-0.03649635,0.09
0.05109489,-0.02919708,0.09
0.05109489,-0.02189781,0.09
0.05109489,-0.01459854,0.09
0.05109489,-0.00729927,0.09
0.05109489,0,0.09
0.05109489,0.00729927,0.09
0.05109489,0.02189781,0.09
0.05109489,0.02919708,0.09
0.05109489,0.03649635,0.09
0.05109489,0.04379562,0.09
0.05109489,0.05839416,0.09
0.05109489,0.06569343,0.09
0.05109489,0.0729927,0.09
0.05109489,0.08029197,0.09
0.05109489,0.08759124,0.09
0.05109489,0.09489051,0.09
0.05839416,-0.08029197,0.09
0.05839416,-0.0729927,0.09
0.05839416,-0.06569343,0.09
0.05839416,-0.05839416,0.09
0.05839416,-0.05109489,0.09
0.05839416,-0.04379562,0.09
0.05839416,-0.03649635,0.09
0.05839416,-0.02919708,0.09
0.05839416,-0.02189781,0.09
0.05839416,-0.01459854,0.09
0.05839416,-0.00729927,0.09
0.05839416,0,0.09
0.05839416,0.01459854,0.09
0.05839416,0.02189781,0.09
0.05839416,0.02919708,0.09
0.05839416,0.03649635,0.09
0.05839416,0.04379562,0.09
0.05839416,0.05839416,0.09
0.05839416,0.06569343,0.09
0.05839416,0.0729927,0.09
0.05839416,0.08029197,0.09
0.05839416,0.08759124,0.09
0.06569343,-0.08759124,0.09
0.06569343,-0.08029197,0.09
0.06569343,-0.05839416,0.09
0.06569343,-0.05109489,0.09
0.06569343,-0.04379562,0.09
0.06569343,-0.03649635,0.09
0.06569343,-0.02919708,0.09
0.06569343,-0.02189781,0.09
0.06569343,-0.01459854,0.09
0.06569343,0.00729927,0.09
0.06569343,0.01459854,0.09
0.06569343,0.02189781,0.09
0.06569343,0.02919708,0.09
0.06569343,0.03649635,0.09
0.06569343,0.05109489,0.09
0.06569343,0.05839416,0.09
0.06569343,0.06569343,0.09
0.06569343,0.0729927,0.09
0.06569343,0.08029197,0.09
0.06569343,0.08759124,0.09
0.0729927,-0.08029197,0.09
0.0729927,-0.0729927,0.09
0.0729927,-0.06569343,0.09
0.0729927,-0.05839416,0.09
0.0729927,-0.01459854,0.09
0.0729927,-0.00729927,0.09
0.0729927,0,0.09
0.0729927,0.00729927,0.09
0.0729927,0.01459854,0.09
0.0729927,0.02189781,0.09
0.0729927,0.02919708,0.09
0.0729927,0.03649635,0.09
0.0729927,0.05109489,0.09
0.0729927,0.05839416,0.09
0.0729927,0.06569343,0.09
0.0729927,0.0729927,0.09
0.0729927,0.08029197,0.09
0.08029197,-0.0729927,0.09
0.08029197,-0.06569343,0.09
0.08029197,-0.05839416,0.09
0.08029197,-0.05109489,0.09
0.08029197,-0.04379562,0.09
0.08029197,-0.03649635,0.09
0.08029197,-0.02919708,0.09
0.08029197,-0.02189781,0.09
0.08029197,-0.01459854,0.09
0.08029197,-0.00729927,0.09
0.08029197,0,0.09
0.08029197,0.00729927,0.09
0.08029197,0.01459854,0.09
0.08029197,0.02189781,0.09
0.08029197,0.02919708,0.09
0.08029197,0.04379562,0.09
0.08029197,0.05109489,0.09
0.08029197,0.05839416,0.09
0.08029197,0.06569343,0.09
0.08029197,0.0729927,0.09
0.08759124,-0.06569343,0.09
0.08759124,-0.05839416,0.09
0.08759124,-0.05109489,0.09
0.08759124,-0.04379562,0.09
0.08759124,-0.03649635,0.09
0.08759124,-0.02919708,0.09
0.08759124,-0.02189781,0.09
0.08759124,-0.01459854,0.09
0.08759124,-0.00729927,0.09
0.08759124,0,0.09
0.08759124,0.00729927,0.09
0.08759124,0.01459854,0.09
0.08759124,0.02189781,0.09
0.08759124,0.03649635,0.09
0.08759124,0.04379562,0.09
0.08759124,0.05109489,0.09
0.08759124,0.05839416,0.09
0.08759124,0.06569343,0.09
0.09489051,-0.05109489,0.09
0.09489051,-0.04379562,0.09
0.09489051,-0.03649635,0.09
0.09489051,-0.02919708,0.09
0.09489051,-0.02189781,0.09
0.09489051,-0.01459854,0.09
0.09489051,-0.00729927,0.09
0.09489051,0,0.09
0.09489051,0.00729927,0.09
0.09489051,0.01459854,0.09
0.09489051,0.02919708,0.09
0.09489051,0.03649635,0.09
0.09489051,0.04379562,0.09
0.09489051,0.05109489,0.09
0.10218978,-0.03649635,0.09
0.10218978,-0.02919708,0.09
0.10218978,-0.02189781,0.09
0.10218978,-0.01459854,0.09
0.10218978,-0.00729927,0.09
0.10218978,0,0.09
0.10218978,0.02189781,0.09
0.10218978,0.02919708,0.09
0.10218978,0.03649635,0.09
0.10948905,-0.01459854,0.09
0.10948905,-0.00729927,0.09
0.10948905,0,0.09
0.10948905,0.00729927,0.09
0.10948905,0.01459854,0.09
-0.105839415,-0.025547445,0.096
-0.105839415,-0.018248175,0.096
-0.105839415,-0.010948905,0.096
-0.105839415,0.003649635,0.096
-0.105839415,0.010948905,0.096
-0.105839415,0.018248175,0.096
-0.105839415,0.025547445,0.096
-0.105839415,0.032846715,0.096
-0.098540145,-0.047445255,0.096
-0.098540145,-0.040145985,0.096
-0.098540145,-0.032846715,0.096
-0.098540145,-0.025547445,0.096
-0.098540145,-0.003649635,0.096
-0.098540145,0.003649635,0.096
-0.098540145,0.010948905,0.096
-0.098540145,0.018248175,0.096
-0.098540145,0.025547445,0.096
-0.098540145,0.032846715,0.096
-0.098540145,0.040145985,0.096
-0.098540145,0.047445255,0.096
-0.091240875,-0.062043795,0.096
-0.091240875,-0.054744525,0.096
-0.091240875,-0.047445255,0.096
-0.091240875,-0.040145985,0.096
-0.091240875,-0.032846715,0.096
-0.091240875,-0.018248175,0.096
-0.091240875,-0.010948905,0.096
-0.091240875,-0.003649635,0.096
-0.091240875,0.003649635,0.096
-0.091240875,0.010948905,0.096
-0.091240875,0.018248175,0.096
-0.091240875,0.025547445,0.096
-0.091240875,0.032846715,0.096
-0.091240875,0.040145985,0.096
-0.091240875,0.047445255,0.096
-0.091240875,0.054744525,0.096
-0.091240875,0.062043795,0.096
-0.083941605,-0.069343065,0.096
-0.083941605,-0.062043795,0.096
-0.083941605,-0.054744525,0.096
-0.083941605,-0.047445255,0.096
-0.083941605,-0.040145985,0.096
-0.083941605,-0.025547445,0.096
-0.083941605,-0.018248175,0.096
-0.083941605,-0.010948905,0.096
-0.083941605,-0.003649635,0.096
-0.083941605,0.003649635,0.096
-0.083941605,0.010948905,0.096
-0.083941605,0.018248175,0.096
-0.083941605,0.025547445,0.096
-0.083941605,0.032846715,0.096
-0.083941605,0.040145985,0.096
-0.083941605,0.047445255,0.096
-0.083941605,0.054744525,0.096
-0.083941605,0.062043795,0.096
-0.083941605,0.069343065,0.096
-0.076642335,-0.076642335,0.096
-0.076642335,-0.069343065,0.096
-0.076642335,-0.062043795,0.096
-0.076642335,-0.054744525,0.096
-0.076642335,-0.047445255,0.096
-0.076642335,-0.032846715,0.096
-0.076642335,-0.025547445,0.096
-0.076642335,-0.018248175,0.096
-0.076642335,-0.010948905,0.096
-0.076642335,-0.003649635,0.096
-0.076642335,0.003649635,0.096
-0.076642335,0.010948905,0.096
-0.076642335,0.018248175,0.096
-0.076642335,0.025547445,0.096
-0.076642335,0.032846715,0.096
-0.076642335,0.040145985,0.096
-0.076642335,0.047445255,0.096
-0.076642335,0.054744525,0.096
-0.076642335,0.062043795,0.096
-0.076642335,0.069343065,0.096
-0.076642335,0.076642335,0.096
-0.069343065,-0.083941605,0.096
-0.069343065,-0.076642335,0.096
-0.069343065,-0.069343065,0.096
-0.069343065,-0.062043795,0.096
-0.069343065,-0.054744525,0.096
-0.069343065,-0.047445255,0.096
-0.069343065,-0.032846715,0.096
-0.069343065,-0.025547445,0.096
-0.069343065,-0.018248175,0.096
-0.069343065,-0.010948905,0.096
-0.069343065,-0.003649635,0.096
-0.069343065,0.003649635,0.096
-0.069343065,0.010948905,0.096
-0.069343065,0.069343065,0.096
-0.069343065,0.076642335,0.096
-0.069343065,0.083941605,0.096
-0.062043795,-0.091240875,0.096
-0.062043795,-0.083941605,0.096
-0.062043795,-0.076642335,0.096
-0.062043795,-0.069343065,0.096
-0.062043795,-0.062043795,0.096
-0.062043795,-0.054744525,0.096
-0.062043795,-0.040145985,0.096
-0.062043795,-0.032846715,0.096
-0.062043795,-0.025547445,0.096
-0.062043795,-0.018248175,0.096
-0.062043795,-0.010948905,0.096
-0.062043795,-0.003649635,0.096
-0.062043795,0.010948905,0.096
-0.062043795,0.018248175,0.096
-0.062043795,0.025547445,0.096
-0.062043795,0.032846715,0.096
-0.062043795,0.040145985,0.096
-0.062043795,0.047445255,0.096
-0.062043795,0.054744525,0.096
-0.062043795,0.062043795,0.096
-0.062043795,0.069343065,0.096
-0.062043795,0.083941605,0.096
-0.062043795,0.091240875,0.096
-0.054744525,-0.083941605,0.096
-0.054744525,-0.076642335,0.096
-0.054744525,-0.069343065,0.096
-0.054744525,-0.062043795,0.096
-0.054744525,-0.054744525,0.096
-0.054744525,-0.040145985,0.096
-0.054744525,-0.032846715,0.096
-0.054744525,-0.025547445,0.096
-0.054744525,-0.018248175,0.096
-0.054744525,0.003649635,0.096
-0.054744525,0.010948905,0.096
-0.054744525,0.018248175,0.096
-0.054744525,0.025547445,0.096
-0.054744525,0.032846715,0.096
-0.054744525,0.040145985,0.096
-0.054744525,0.047445255,0.096
-0.054744525,0.054744525,0.096
-0.054744525,0.062043795,0.096
-0.054744525,0.069343065,0.096
-0.054744525,0.076642335,0.096
-0.054744525,0.083941605,0.096
-0.047445255,-0.098540145,0.096
-0.047445255,-0.083941605,0.096
-0.047445255,-0.076642335,0.096
-0.047445255,-0.069343065,0.096
-0.047445255,-0.062043795,0.096
-0.047445255,-0.054744525,0.096
-0.047445255,-0.047445255,0.096
-0.047445255,-0.040145985,0.096
-0.047445255,-0.032846715,0.096
-0.047445255,-0.025547445,0.096
-0.047445255,-0.018248175,0.096
-0.047445255,-0.010948905,0.096
-0.047445255,-0.003649635,0.096
-0.047445255,0.003649635,0.096
-0.047445255,0.010948905,0.096
-0.047445255,0.018248175,0.096
-0.047445255,0.025547445,0.096
-0.047445255,0.032846715,0.096
-0.047445255,0.040145985,0.096
-0.047445255,0.047445255,0.096
-0.047445255,0.054744525,0.096
-0.047445255,0.062043795,0.096
-0.047445255,0.069343065,0.096
-0.047445255,0.076642335,0.096
-0.047445255,0.083941605,0.096
-0.047445255,0.091240875,0.096
-0.047445255,0.098540145,0.096
-0.040145985,-0.098540145,0.096
-0.040145985,-0.083941605,0.096
-0.040145985,-0.076642335,0.096
-0.040145985,-0.069343065,0.096
-0.040145985,-0.062043795,0.096
-0.040145985,-0.047445255,0.096
-0.040145985,-0.040145985,0.096
-0.040145985,-0.032846715,0.096
-0.040145985,-0.025547445,0.096
-0.040145985,-0.010948905,0.096
-0.040145985,-0.003649635,0.096
-0.040145985,0.003649635,0.096
-0.040145985,0.010948905,0.096
-0.040145985,0.018248175,0.096
-0.040145985,0.025547445,0.096
-0.040145985,0.032846715,0.096
-0.040145985,0.040145985,0.096
-0.040145985,0.047445255,0.096
-0.040145985,0.054744525,0.096
-0.040145985,0.062043795,0.096
-0.040145985,0.069343065,0.096
-0.040145985,0.076642335,0.096
-0.040145985,0.083941605,0.096
-0.040145985,0.091240875,0.096
-0.040145985,0.098540145,0.096
-0.032846715,-0.098540145,0.096
-0.032846715,-0.083941605,0.096
-0.032846715,-0.076642335,0.096
-0.032846715,-0.069343065,0.096
-0.032846715,-0.062043795,0.096
-0.032846715,-0.047445255,0.096
-0.032846715,-0.040145985,0.096
-0.032846715,-0.032846715,0.096
-0.032846715,-0.025547445,0.096
-0.032846715,-0.018248175,0.096
-0.032846715,-0.010948905,0.096
-0.032846715,-0.003649635,0.096
-0.032846715,0.003649635,0.096
-0.032846715,0.018248175,0.096
-0.032846715,0.025547445,0.096
-0.032846715,0.032846715,0.096
-0.032846715,0.054744525,0.096
-0.032846715,0.062043795,0.096
-0.032846715,0.069343065,0.096
-0.032846715,0.076642335,0.096
-0.032846715,0.083941605,0.096
-0.032846715,0.091240875,0.096
-0.032846715,0.098540145,0.096
-0.032846715,0.105839415,0.096
-0.025547445,-0.105839415,0.096
-0.025547445,-0.098540145,0.096
-0.025547445,-0.083941605,0.096
-0.025547445,-0.076642335,0.096
-0.025547445,-0.069343065,0.096
-0.025547445,-0.062043795,0.096
-0.025547445,-0.054744525,0.096
-0.025547445,-0.047445255,0.096
-0.025547445,-0.040145985,0.096
-0.025547445,-0.032846715,0.096
-0.025547445,-0.018248175,0.096
-0.025547445,0.018248175,0.096
-0.025547445,0.025547445,0.096
-0.025547445,0.032846715,0.096
-0.025547445,0.040145985,0.096
-0.025547445,0.047445255,0.096
-0.025547445,0.054744525,0.096
-0.025547445,0.069343065,0.096
-0.025547445,0.076642335,0.096
-0.025547445,0.083941605,0.096
-0.025547445,0.091240875,0.096
-0.025547445,0.098540145,0.096
-0.025547445,0.105839415,0.096
-0.018248175,-0.105839415,0.096
-0.018248175,-0.098540145,0.096
-0.018248175,-0.083941605,0.096
-0.018248175,-0.076642335,0.096
-0.018248175,-0.069343065,0.096
-0.018248175,-0.062043795,0.096
-0.018248175,-0.054744525,0.096
-0.018248175,-0.047445255,0.096
-0.018248175,-0.040145985,0.096
-0.018248175,-0.032846715,0.096
-0.018248175,0.025547445,0.096
-0.018248175,0.032846715,0.096
-0.018248175,0.040145985,0.096
-0.018248175,0.047445255,0.096
-0.018248175,0.054744525,0.096
-0.018248175,0.062043795,0.096
-0.018248175,0.076642335,0.096
-0.018248175,0.083941605,0.096
-0.018248175,0.091240875,0.096
-0.018248175,0.098540145,0.096
-0.018248175,0.105839415,0.096
-0.010948905,-0.105839415,0.096
-0.010948905,-0.098540145,0.096
-0.010948905,-0.091240875,0.096
-0.010948905,-0.083941605,0.096
-0.010948905,-0.076642335,0.096
-0.010948905,-0.069343065,0.096
-0.010948905,-0.062043795,0.096
-0.010948905,-0.054744525,0.096
-0.010948905,-0.040145985,0.096
-0.010948905,-0.032846715,0.096
-0.010948905,0.040145985,0.096
-0.010948905,0.047445255,0.096
-0.010948905,0.054744525,0.096
-0.010948905,0.062043795,0.096
-0.010948905,0.069343065,0.096
-0.010948905,0.083941605,0.096
-0.010948905,0.091240875,0.096
-0.010948905,0.098540145,0.096
-0.010948905,0.105839415,0.096
-0.003649635,-0.105839415,0.096
-0.003649635,-0.098540145,0.096
-0.003649635,-0.091240875,0.096
-0.003649635,-0.076642335,0.096
-0.003649635,-0.069343065,0.096
-0.003649635,-0.062043795,0.096
-0.003649635,-0.054744525,0.096
-0.003649635,-0.040145985,0.096
-0.003649635,-0.032846715,0.096
-0.003649635,0.032846715,0.096
-0.003649635,0.047445255,0.096
-0.003649635,0.054744525,0.096
-0.003649635,0.062043795,0.096
-0.003649635,0.069343065,0.096
-0.003649635,0.076642335,0.096
-0.003649635,0.083941605,0.096
-0.003649635,0.091240875,0.096
-0.003649635,0.098540145,0.096
-0.003649635,0.105839415,0.096
0.003649635,-0.105839415,0.096
0.003649635,-0.098540145,0.096
0.003649635,-0.091240875,0.096
0.003649635,-0.083941605,0.096
0.003649635,-0.076642335,0.096
0.003649635,-0.069343065,0.096
0.003649635,-0.062043795,0.096
0.003649635,-0.054744525,0.096
0.003649635,-0.047445255,0.096
0.003649635,-0.032846715,0.096
0.003649635,0.032846715,0.096
0.003649635,0.040145985,0.096
0.003649635,0.054744525,0.096
0.003649635,0.062043795,0.096
0.003649635,0.069343065,0.096
0.003649635,0.076642335,0.096
0.003649635,0.091240875,0.096
0.003649635,0.098540145,0.096
0.003649635,0.105839415,0.096
0.010948905,-0.105839415,0.096
0.010948905,-0.098540145,0.096
0.010948905,-0.091240875,0.096
0.010948905,-0.083941605,0.096
0.010948905,-0.069343065,0.096
0.010948905,-0.062043795,0.096
0.010948905,-0.054744525,0.096
0.010948905,-0.047445255,0.096
0.010948905,-0.040145985,0.096
0.010948905,0.032846715,0.096
0.010948905,0.040145985,0.096
0.010948905,0.054744525,0.096
0.010948905,0.062043795,0.096
0.010948905,0.069343065,0.096
0.010948905,0.076642335,0.096
0.010948905,0.083941605,0.096
0.010948905,0.091240875,0.096
0.010948905,0.098540145,0.096
0.010948905,0.105839415,0.096
0.018248175,-0.105839415,0.096
0.018248175,-0.098540145,0.096
0.018248175,-0.091240875,0.096
0.018248175,-0.083941605,0.096
0.018248175,-0.076642335,0.096
0.018248175,-0.062043795,0.096
0.018248175,-0.054744525,0.096
0.018248175,-0.047445255,0.096
0.018248175,-0.040145985,0.096
0.018248175,-0.032846715,0.096
0.018248175,-0.025547445,0.096
0.018248175,0.032846715,0.096
0.018248175,0.040145985,0.096
0.018248175,0.047445255,0.096
0.018248175,0.054744525,0.096
0.018248175,0.062043795,0.096
0.018248175,0.069343065,0.096
0.018248175,0.076642335,0.096
0.018248175,0.083941605,0.096
0.018248175,0.098540145,0.096
0.018248175,0.105839415,0.096
0.025547445,-0.105839415,0.096
0.025547445,-0.098540145,0.096
0.025547445,-0.091240875,0.096
0.025547445,-0.083941605,0.096
0.025547445,-0.076642335,0.096
0.025547445,-0.069343065,0.096
0.025547445,-0.054744525,0.096
0.025547445,-0.047445255,0.096
0.025547445,-0.040145985,0.096
0.025547445,-0.032846715,0.096
0.025547445,-0.025547445,0.096
0.025547445,-0.018248175,0.096
0.025547445,0.018248175,0.096
0.025547445,0.032846715,0.096
0.025547445,0.040145985,0.096
0.025547445,0.047445255,0.096
0.025547445,0.062043795,0.096
0.025547445,0.069343065,0.096
0.025547445,0.076642335,0.096
0.025547445,0.083941605,0.096
0.025547445,0.098540145,0.096
0.025547445,0.105839415,0.096
0.032846715,-0.098540145,0.096
0.032846715,-0.091240875,0.096
0.032846715,-0.083941605,0.096
0.032846715,-0.076642335,0.096
0.032846715,-0.069343065,0.096
0.032846715,-0.062043795,0.096
0.032846715,-0.054744525,0.096
0.032846715,-0.032846715,0.096
0.032846715,-0.025547445,0.096
0.032846715,-0.018248175,0.096
0.032846715,-0.003649635,0.096
0.032846715,0.003649635,0.096
0.032846715,0.010948905,0.096
0.032846715,0.018248175,0.096
0.032846715,0.032846715,0.096
0.032846715,0.040145985,0.096
0.032846715,0.047445255,0.096
0.032846715,0.062043795,0.096
0.032846715,0.069343065,0.096
0.032846715,0.076642335,0.096
0.032846715,0.083941605,0.096
0.032846715,0.098540145,0.096
0.032846715,0.105839415,0.096
0.040145985,-0.098540145,0.096
0.040145985,-0.091240875,0.096
0.040145985,-0.083941605,0.096
0.040145985,-0.076642335,0.096
0.040145985,-0.069343065,0.096
0.040145985,-0.062043795,0.096
0.040145985,-0.054744525,0.096
0.040145985,-0.047445255,0.096
0.040145985,-0.040145985,0.096
0.040145985,-0.032846715,0.096
0.040145985,-0.025547445,0.096
0.040145985,-0.018248175,0.096
0.040145985,-0.010948905,0.096
0.040145985,-0.003649635,0.096
0.040145985,0.003649635,0.096
0.040145985,0.010948905,0.096
0.040145985,0.025547445,0.096
0.040145985,0.032846715,0.096
0.040145985,0.040145985,0.096
0.040145985,0.047445255,0.096
0.040145985,0.062043795,0.096
0.040145985,0.069343065,0.096
0.040145985,0.076642335,0.096
0.040145985,0.083941605,0.096
0.040145985,0.098540145,0.096
0.047445255,-0.098540145,0.096
0.047445255,-0.091240875,0.096
0.047445255,-0.083941605,0.096
0.047445255,-0.076642335,0.096
0.047445255,-0.069343065,0.096
0.047445255,-0.062043795,0.096
0.047445255,-0.054744525,0.096
0.047445255,-0.047445255,0.096
0.047445255,-0.040145985,0.096
0.047445255,-0.032846715,0.096
0.047445255,-0.025547445,0.096
0.047445255,-0.018248175,0.096
0.047445255,-0.010948905,0.096
0.047445255,-0.003649635,0.096
0.047445255,0.003649635,0.096
0.047445255,0.010948905,0.096
0.047445255,0.025547445,0.096
0.047445255,0.032846715,0.096
0.047445255,0.040145985,0.096
0.047445255,0.047445255,0.096
0.047445255,0.054744525,0.096
0.047445255,0.062043795,0.096
0.047445255,0.069343065,0.096
0.047445255,0.076642335,0.096
0.047445255,0.083941605,0.096
0.047445255,0.098540145,0.096
0.054744525,-0.083941605,0.096
0.054744525,-0.076642335,0.096
0.054744525,-0.069343065,0.096
0.054744525,-0.062043795,0.096
0.054744525,-0.054744525,0.096
0.054744525,-0.047445255,0.096
0.054744525,-0.040145985,0.096
0.054744525,-0.032846715,0.096
0.054744525,-0.025547445,0.096
0.054744525,-0.018248175,0.096
0.054744525,-0.010948905,0.096
0.054744525,-0.003649635,0.096
0.054744525,0.003649635,0.096
0.054744525,0.018248175,0.096
0.054744525,0.025547445,0.096
0.054744525,0.032846715,0.096
0.054744525,0.040145985,0.096
0.054744525,0.054744525,0.096
0.054744525,0.062043795,0.096
0.054744525,0.069343065,0.096
0.054744525,0.076642335,0.096
0.054744525,0.083941605,0.096
0.062043795,-0.091240875,0.096
0.062043795,-0.083941605,0.096
0.062043795,-0.069343065,0.096
0.062043795,-0.062043795,0.096
0.062043795,-0.054744525,0.096
0.062043795,-0.047445255,0.096
0.062043795,-0.040145985,0.096
0.062043795,-0.032846715,0.096
0.062043795,-0.025547445,0.096
0.062043795,-0.018248175,0.096
0.062043795,-0.010948905,0.096
0.062043795,0.003649635,0.096
0.062043795,0.010948905,0.096
0.062043795,0.018248175,0.096
0.062043795,0.025547445,0.096
0.062043795,0.032846715,0.096
0.062043795,0.040145985,0.096
0.062043795,0.054744525,0.096
0.062043795,0.062043795,0.096
0.062043795,0.069343065,0.096
0.062043795,0.076642335,0.096
0.062043795,0.083941605,0.096
0.062043795,0.091240875,0.096
0.069343065,-0.083941605,0.096
0.069343065,-0.076642335,0.096
0.069343065,-0.069343065,0.096
0.069343065,-0.040145985,0.096
0.069343065,-0.003649635,0.096
0.069343065,0.003649635,0.096
0.069343065,0.010948905,0.096
0.069343065,0.018248175,0.096
0.069343065,0.025547445,0.096
0.069343065,0.032846715,0.096
0.069343065,0.047445255,0.096
0.069343065,0.054744525,0.096
0.069343065,0.062043795,0.096
0.069343065,0.069343065,0.096
0.069343065,0.076642335,0.096
0.069343065,0.083941605,0.096
0.076642335,-0.076642335,0.096
0.076642335,-0.069343065,0.096
0.076642335,-0.062043795,0.096
0.076642335,-0.054744525,0.096
0.076642335,-0.047445255,0.096
0.076642335,-0.040145985,0.096
0.076642335,-0.032846715,0.096
0.076642335,-0.025547445,0.096
0.076642335,-0.018248175,0.096
0.076642335,-0.010948905,0.096
0.076642335,-0.003649635,0.096
0.076642335,0.003649635,0.096
0.076642335,0.010948905,0.096
0.076642335,0.018248175,0.096
0.076642335,0.025547445,0.096
0.076642335,0.032846715,0.096
0.076642335,0.047445255,0.096
0.076642335,0.054744525,0.096
0.076642335,0.062043795,0.096
0.076642335,0.069343065,0.096
0.076642335,0.076642335,0.096
0.083941605,-0.069343065,0.096
0.083941605,-0.062043795,0.096
0.083941605,-0.054744525,0.096
0.083941605,-0.047445255,0.096
0.083941605,-0.040145985,0.096
0.083941605,-0.032846715,0.096
0.083941605,-0.025547445,0.096
0.083941605,-0.018248175,0.096
0.083941605,-0.010948905,0.096
0.083941605,-0.003649635,0.096
0.083941605,0.003649635,0.096
0.083941605,0.010948905,0.096
0.083941605,0.018248175,0.096
0.083941605,0.025547445,0.096
0.083941605,0.040145985,0.096
0.083941605,0.047445255,0.096
0.083941605,0.054744525,0.096
0.083941605,0.062043795,0.096
0.083941605,0.069343065,0.096
0.091240875,-0.062043795,0.096
0.091240875,-0.054744525,0.096
0.091240875,-0.047445255,0.096
0.091240875,-0.040145985,0.096
0.091240875,-0.032846715,0.096
0.091240875,-0.025547445,0.096
0.091240875,-0.018248175,0.096
0.091240875,-0.010948905,0.096
0.091240875,-0.003649635,0.096
0.091240875,0.003649635,0.096
0.091240875,0.010948905,0.096
0.091240875,0.018248175,0.096
0.091240875,0.032846715,0.096
0.091240875,0.040145985,0.096
0.091240875,0.047445255,0.096
0.091240875,0.054744525,0.096
0.091240875,0.062043795,0.096
0.098540145,-0.047445255,0.096
0.098540145,-0.040145985,0.096
0.098540145,-0.032846715,0.096
0.098540145,-0.025547445,0.096
0.098540145,-0.018248175,0.096
0.098540145,-0.010948905,0.096
0.098540145,-0.003649635,0.096
0.098540145,0.003649635,0.096
0.098540145,0.025547445,0.096
0.098540145,0.032846715,0.096
0.098540145,0.040145985,0.096
0.098540145,0.047445255,0.096
0.105839415,-0.032846715,0.096
0.105839415,-0.025547445,0.096
0.105839415,-0.018248175,0.096
0.105839415,-0.010948905,0.096
0.105839415,-0.003649635,0.096
0.105839415,0.010948905,0.096
0.105839415,0.018248175,0.096
0.105839415,0.025547445,0.096
0.105839415,0.032846715,0.096
-0.10948905,-0.01459854,0.102
-0.10948905,-0.00729927,0.102
-0.10948905,0,0.102
-0.10948905,0.00729927,0.102
-0.10948905,0.01459854,0.102
-0.10218978,-0.03649635,0.102
-0.10218978,-0.02919708,0.102
-0.10218978,-0.02189781,0.102
-0.10218978,-0.01459854,0.102
-0.10218978,0,0.102
-0.10218978,0.00729927,0.102
-0.10218978,0.01459854,0.102
-0.10218978,0.02189781,0.102
-0.10218978,0.02919708,0.102
-0.10218978,0.03649635,0.102
-0.09489051,-0.05109489,0.102
-0.09489051,-0.04379562,0.102
-0.09489051,-0.03649635,0.102
-0.09489051,-0.02919708,0.102
-0.09489051,-0.00729927,0.102
-0.09489051,0,0.102
-0.09489051,0.00729927,0.102
-0.09489051,0.01459854,0.102
-0.09489051,0.02189781,0.102
-0.09489051,0.02919708,0.102
-0.09489051,0.03649635,0.102
-0.09489051,0.04379562,0.102
-0.09489051,0.05109489,0.102
-0.08759124,-0.06569343,0.102
-0.08759124,-0.05839416,0.102
-0.08759124,-0.05109489,0.102
-0.08759124,-0.04379562,0.102
-0.08759124,-0.03649635,0.102
-0.08759124,-0.02189781,0.102
-0.08759124,-0.01459854,0.102
-0.08759124,-0.00729927,0.102
-0.08759124,0,0.102
-0.08759124,0.00729927,0.102
-0.08759124,0.01459854,0.102
-0.08759124,0.02189781,0.102
-0.08759124,0.02919708,0.102
-0.08759124,0.03649635,0.102
-0.08759124,0.04379562,0.102
-0.08759124,0.05109489,0.102
-0.08759124,0.05839416,0.102
-0.08759124,0.06569343,0.102
-0.08029197,-0.0729927,0.102
-0.08029197,-0.06569343,0.102
-0.08029197,-0.05839416,0.102
-0.08029197,-0.05109489,0.102
-0.08029197,-0.04379562,0.102
-0.08029197,-0.02919708,0.102
-0.08029197,-0.02189781,0.102
-0.08029197,-0.01459854,0.102
-0.08029197,-0.00729927,0.102
-0.08029197,0,0.102
-0.08029197,0.00729927,0.102
-0.08029197,0.01459854,0.102
-0.08029197,0.02189781,0.102
-0.08029197,0.02919708,0.102
-0.08029197,0.03649635,0.102
-0.08029197,0.04379562,0.102
-0.08029197,0.05109489,0.102
-0.08029197,0.05839416,0.102
-0.08029197,0.06569343,0.102
-0.08029197,0.0729927,0.102
-0.0729927,-0.08029197,0.102
-0.0729927,-0.0729927,0.102
-0.0729927,-0.06569343,0.102
-0.0729927,-0.05839416,0.102
-0.0729927,-0.05109489,0.102
-0.0729927,-0.04379562,0.102
-0.0729927,-0.02919708,0.102
-0.0729927,-0.02189781,0.102
-0.0729927,-0.01459854,0.102
-0.0729927,-0.00729927,0.102
-0.0729927,0,0.102
-0.0729927,0.00729927,0.102
-0.0729927,0.01459854,0.102
-0.0729927,0.02189781,0.102
-0.0729927,0.02919708,0.102
-0.0729927,0.05109489,0.102
-0.0729927,0.05839416,0.102
-0.0729927,0.06569343,0.102
-0.0729927,0.0729927,0.102
-0.0729927,0.08029197,0.102
-0.06569343,-0.08759124,0.102
-0.06569343,-0.08029197,0.102
-0.06569343,-0.0729927,0.102
-0.06569343,-0.06569343,0.102
-0.06569343,-0.05839416,0.102
-0.06569343,-0.05109489,0.102
-0.06569343,-0.03649635,0.102
-0.06569343,-0.02919708,0.102
-0.06569343,-0.02189781,0.102
-0.06569343,-0.01459854,0.102
-0.06569343,-0.00729927,0.102
-0.06569343,0,0.102
-0.06569343,0.02189781,0.102
-0.06569343,0.02919708,0.102
-0.06569343,0.03649635,0.102
-0.06569343,0.04379562,0.102
-0.06569343,0.05109489,0.102
-0.06569343,0.05839416,0.102
-0.06569343,0.08029197,0.102
-0.06569343,0.08759124,0.102
-0.05839416,-0.08759124,0.102
-0.05839416,-0.08029197,0.102
-0.05839416,-0.0729927,0.102
-0.05839416,-0.06569343,0.102
-0.05839416,-0.05839416,0.102
-0.05839416,-0.05109489,0.102
-0.05839416,-0.04379562,0.102
-0.05839416,-0.03649635,0.102
-0.05839416,-0.02919708,0.102
-0.05839416,-0.02189781,0.102
-0.05839416,-0.01459854,0.102
-0.05839416,-0.00729927,0.102
-0.05839416,0.00729927,0.102
-0.05839416,0.01459854,0.102
-0.05839416,0.02189781,0.102
-0.05839416,0.02919708,0.102
-0.05839416,0.03649635,0.102
-0.05839416,0.04379562,0.102
-0.05839416,0.05109489,0.102
-0.05839416,0.05839416,0.102
-0.05839416,0.06569343,0.102
-0.05839416,0.0729927,0.102
-0.05109489,-0.09489051,0.102
-0.05109489,-0.08759124,0.102
-0.05109489,-0.08029197,0.102
-0.05109489,-0.0729927,0.102
-0.05109489,-0.06569343,0.102
-0.05109489,-0.05839416,0.102
-0.05109489,-0.04379562,0.102
-0.05109489,-0.03649635,0.102
-0.05109489,-0.02919708,0.102
-0.05109489,-0.02189781,0.102
-0.05109489,-0.01459854,0.102
-0.05109489,0,0.102
-0.05109489,0.00729927,0.102
-0.05109489,0.01459854,0.102
-0.05109489,0.02189781,0.102
-0.05109489,0.02919708,0.102
-0.05109489,0.03649635,0.102
-0.05109489,0.04379562,0.102
-0.05109489,0.05109489,0.102
-0.05109489,0.05839416,0.102
-0.05109489,0.06569343,0.102
-0.05109489,0.0729927,0.102
-0.05109489,0.08029197,0.102
-0.05109489,0.08759124,0.102
-0.05109489,0.09489051,0.102
-0.04379562,-0.08759124,0.102
-0.04379562,-0.08029197,0.102
-0.04379562,-0.0729927,0.102
-0.04379562,-0.06569343,0.102
-0.04379562,-0.05839416,0.102
-0.04379562,-0.04379562,0.102
-0.04379562,-0.03649635,0.102
-0.04379562,-0.02919708,0.102
-0.04379562,-0.02189781,0.102
-0.04379562,-0.00729927,0.102
-0.04379562,0,0.102
-0.04379562,0.00729927,0.102
-0.04379562,0.01459854,0.102
-0.04379562,0.02189781,0.102
-0.04379562,0.02919708,0.102
-0.04379562,0.03649635,0.102
-0.04379562,0.04379562,0.102
-0.04379562,0.05109489,0.102
-0.04379562,0.05839416,0.102
-0.04379562,0.06569343,0.102
-0.04379562,0.0729927,0.102
-0.04379562,0.08029197,0.102
-0.04379562,0.08759124,0.102
-0.04379562,0.09489051,0.102
-0.03649635,-0.10218978,0.102
-0.03649635,-0.09489051,0.102
-0.03649635,-0.08759124,0.102
-0.03649635,-0.08029197,0.102
-0.03649635,-0.0729927,0.102
-0.03649635,-0.06569343,0.102
-0.03649635,-0.05839416,0.102
-0.03649635,-0.04379562,0.102
-0.03649635,-0.03649635,0.102
-0.03649635,-0.02919708,0.102
-0.03649635,0.04379562,0.102
-0.03649635,0.05109489,0.102
-0.03649635,0.05839416,0.102
-0.03649635,0.06569343,0.102
-0.03649635,0.0729927,0.102
-0.03649635,0.08029197,0.102
-0.03649635,0.08759124,0.102
-0.03649635,0.09489051,0.102
-0.03649635,0.10218978,0.102
-0.02919708,-0.10218978,0.102
-0.02919708,-0.09489051,0.102
-0.02919708,-0.08759124,0.102
-0.02919708,-0.08029197,0.102
-0.02919708,-0.0729927,0.102
-0.02919708,-0.06569343,0.102
-0.02919708,-0.05839416,0.102
-0.02919708,-0.04379562,0.102
-0.02919708,-0.03649635,0.102
-0.02919708,0.03649635,0.102
-0.02919708,0.04379562,0.102
-0.02919708,0.05839416,0.102
-0.02919708,0.06569343,0.102
-0.02919708,0.0729927,0.102
-0.02919708,0.08029197,0.102
-0.02919708,0.08759124,0.102
-0.02919708,0.09489051,0.102
-0.02919708,0.10218978,0.102
-0.02189781,-0.10218978,0.102
-0.02189781,-0.09489051,0.102
-0.02189781,-0.08029197,0.102
-0.02189781,-0.0729927,0.102
-0.02189781,-0.06569343,0.102
-0.02189781,-0.05839416,0.102
-0.02189781,-0.04379562,0.102
-0.02189781,-0.03649635,0.102
-0.02189781,0.03649635,0.102
-0.02189781,0.04379562,0.102
-0.02189781,0.05109489,0.102
-0.02189781,0.05839416,0.102
-0.02189781,0.0729927,0.102
-0.02189781,0.08029197,0.102
-0.02189781,0.08759124,0.102
-0.02189781,0.09489051,0.102
-0.02189781,0.10218978,0.102
-0.01459854,-0.10948905,0.102
-0.01459854,-0.10218978,0.102
-0.01459854,-0.09489051,0.102
-0.01459854,-0.08029197,0.102
-0.01459854,-0.0729927,0.102
-0.01459854,-0.06569343,0.102
-0.01459854,-0.05839416,0.102
-0.01459854,-0.04379562,0.102
-0.01459854,0.04379562,0.102
-0.01459854,0.05109489,0.102
-0.01459854,0.05839416,0.102
-0.01459854,0.06569343,0.102
-0.01459854,0.08029197,0.102
-0.01459854,0.08759124,0.102
-0.01459854,0.09489051,0.102
-0.01459854,0.10218978,0.102
-0.01459854,0.10948905,0.102
-0.00729927,-0.10948905,0.102
-0.00729927,-0.10218978,0.102
-0.00729927,-0.09489051,0.102
-0.00729927,-0.08029197,0.102
-0.00729927,-0.0729927,0.102
-0.00729927,-0.06569343,0.102
-0.00729927,-0.05839416,0.102
-0.00729927,-0.05109489,0.102
-0.00729927,0.04379562,0.102
-0.00729927,0.05109489,0.102
-0.00729927,0.05839416,0.102
-0.00729927,0.06569343,0.102
-0.00729927,0.0729927,0.102
-0.00729927,0.08759124,0.102
-0.00729927,0.09489051,0.102
-0.00729927,0.10218978,0.102
-0.00729927,0.10948905,0.102
0,-0.10948905,0.102
0,-0.10218978,0.102
0,-0.09489051,0.102
0,-0.08759124,0.102
0,-0.0729927,0.102
0,-0.06569343,0.102
0,-0.05839416,0.102
0,-0.05109489,0.102
0,-0.04379562,0.102
0,0.04379562,0.102
0,0.05109489,0.102
0,0.05839416,0.102
0,0.06569343,0.102
0,0.0729927,0.102
0,0.08759124,0.102
0,0.09489051,0.102
0,0.10218978,0.102
0,0.10948905,0.102
0.00729927,-0.10948905,0.102
0.00729927,-0.10218978,0.102
0.00729927,-0.09489051,0.102
0.00729927,-0.08759124,0.102
0.00729927,-0.08029197,0.102
0.00729927,-0.0729927,0.102
0.00729927,-0.06569343,0.102
0.00729927,-0.05839416,0.102
0.00729927,-0.05109489,0.102
0.00729927,-0.04379562,0.102
0.00729927,0.05109489,0.102
0.00729927,0.05839416,0.102
0.00729927,0.06569343,0.102
0.00729927,0.0729927,0.102
0.00729927,0.08029197,0.102
0.00729927,0.09489051,0.102
0.00729927,0.10218978,0.102
0.00729927,0.10948905,0.102
0.01459854,-0.10948905,0.102
0.01459854,-0.10218978,0.102
0.01459854,-0.09489051,0.102
0.01459854,-0.08759124,0.102
0.01459854,-0.08029197,0.102
0.01459854,-0.06569343,0.102
0.01459854,-0.05839416,0.102
0.01459854,-0.05109489,0.102
0.01459854,-0.04379562,0.102
0.01459854,0.04379562,0.102
0.01459854,0.05839416,0.102
0.01459854,0.06569343,0.102
0.01459854,0.0729927,0.102
0.01459854,0.08029197,0.102
0.01459854,0.09489051,0.102
0.01459854,0.10218978,0.102
0.01459854,0.10948905,0.102
0.02189781,-0.10218978,0.102
0.02189781,-0.09489051,0.102
0.02189781,-0.08759124,0.102
0.02189781,-0.08029197,0.102
0.02189781,-0.0729927,0.102
0.02189781,-0.05839416,0.102
0.02189781,-0.05109489,0.102
0.02189781,-0.04379562,0.102
0.02189781,-0.03649635,0.102
0.02189781,0.04379562,0.102
0.02189781,0.05839416,0.102
0.02189781,0.06569343,0.102
0.02189781,0.0729927,0.102
0.02189781,0.08029197,0.102
0.02189781,0.08759124,0.102
0.02189781,0.09489051,0.102
0.02189781,0.10218978,0.102
0.02919708,-0.10218978,0.102
0.02919708,-0.09489051,0.102
0.02919708,-0.08759124,0.102
0.02919708,-0.08029197,0.102
0.02919708,-0.0729927,0.102
0.02919708,-0.06569343,0.102
0.02919708,-0.05839416,0.102
0.02919708,-0.04379562,0.102
0.02919708,-0.03649635,0.102
0.02919708,0.03649635,0.102
0.02919708,0.04379562,0.102
0.02919708,0.05839416,0.102
0.02919708,0.06569343,0.102
0.02919708,0.0729927,0.102
0.02919708,0.08029197,0.102
0.02919708,0.08759124,0.102
0.02919708,0.09489051,0.102
0.02919708,0.10218978,0.102
0.03649635,-0.10218978,0.102
0.03649635,-0.09489051,0.102
0.03649635,-0.08759124,0.102
0.03649635,-0.08029197,0.102
0.03649635,-0.0729927,0.102
0.03649635,-0.06569343,0.102
0.03649635,-0.05839416,0.102
0.03649635,-0.05109489,0.102
0.03649635,-0.04379562,0.102
0.03649635,0.02919708,0.102
0.03649635,0.03649635,0.102
0.03649635,0.04379562,0.102
0.03649635,0.05839416,0.102
0.03649635,0.06569343,0.102
0.03649635,0.0729927,0.102
0.03649635,0.08029197,0.102
0.03649635,0.08759124,0.102
0.03649635,0.10218978,0.102
0.04379562,-0.09489051,0.102
0.04379562,-0.08759124,0.102
0.04379562,-0.08029197,0.102
0.04379562,-0.0729927,0.102
0.04379562,-0.06569343,0.102
0.04379562,-0.05839416,0.102
0.04379562,-0.05109489,0.102
0.04379562,-0.04379562,0.102
0.04379562,-0.03649635,0.102
0.04379562,-0.02919708,0.102
0.04379562,-0.02189781,0.102
0.04379562,-0.01459854,0.102
0.04379562,-0.00729927,0.102
0.04379562,0,0.102
0.04379562,0.00729927,0.102
0.04379562,0.02189781,0.102
0.04379562,0.02919708,0.102
0.04379562,0.03649635,0.102
0.04379562,0.04379562,0.102
0.04379562,0.05839416,0.102
0.04379562,0.06569343,0.102
0.04379562,0.0729927,0.102
0.04379562,0.08029197,0.102
0.04379562,0.08759124,0.102
0.05109489,-0.09489051,0.102
0.05109489,-0.08759124,0.102
0.05109489,-0.08029197,0.102
0.05109489,-0.0729927,0.102
0.05109489,-0.06569343,0.102
0.05109489,-0.05839416,0.102
0.05109489,-0.05109489,0.102
0.05109489,-0.04379562,0.102
0.05109489,-0.03649635,0.102
0.05109489,-0.02919708,0.102
0.05109489,-0.02189781,0.102
0.05109489,-0.01459854,0.102
0.05109489,-0.00729927,0.102
0.05109489,0,0.102
0.05109489,0.01459854,0.102
0.05109489,0.02189781,0.102
0.05109489,0.02919708,0.102
0.05109489,0.03649635,0.102
0.05109489,0.04379562,0.102
0.05109489,0.05839416,0.102
0.05109489,0.06569343,0.102
0.05109489,0.0729927,0.102
0.05109489,0.08029197,0.102
0.05109489,0.08759124,0.102
0.05839416,-0.0729927,0.102
0.05839416,-0.06569343,0.102
0.05839416,-0.05839416,0.102
0.05839416,-0.05109489,0.102
0.05839416,-0.04379562,0.102
0.05839416,-0.03649635,0.102
0.05839416,-0.02919708,0.102
0.05839416,-0.02189781,0.102
0.05839416,-0.01459854,0.102
0.05839416,-0.00729927,0.102
0.05839416,0.00729927,0.102
0.05839416,0.01459854,0.102
0.05839416,0.02189781,0.102
0.05839416,0.02919708,0.102
0.05839416,0.03649635,0.102
0.05839416,0.04379562,0.102
0.05839416,0.05109489,0.102
0.05839416,0.05839416,0.102
0.05839416,0.06569343,0.102
0.05839416,0.0729927,0.102
0.05839416,0.08029197,0.102
0.05839416,0.08759124,0.102
0.06569343,-0.08759124,0.102
0.06569343,-0.08029197,0.102
0.06569343,-0.05839416,0.102
0.06569343,-0.05109489,0.102
0.06569343,-0.04379562,0.102
0.06569343,-0.03649635,0.102
0.06569343,-0.02919708,0.102
0.06569343,-0.02189781,0.102
0.06569343,0,0.102
0.06569343,0.00729927,0.102
0.06569343,0.01459854,0.102
0.06569343,0.02189781,0.102
0.06569343,0.02919708,0.102
0.06569343,0.03649635,0.102
0.06569343,0.05109489,0.102
0.06569343,0.05839416,0.102
0.06569343,0.06569343,0.102
0.06569343,0.0729927,0.102
0.06569343,0.08029197,0.102
0.06569343,0.08759124,0.102
0.0729927,-0.08029197,0.102
0.0729927,-0.0729927,0.102
0.0729927,-0.06569343,0.102
0.0729927,-0.05839416,0.102
0.0729927,-0.05109489,0.102
0.0729927,-0.02189781,0.102
0.0729927,-0.01459854,0.102
0.0729927,-0.00729927,0.102
0.0729927,0,0.102
0.0729927,0.00729927,0.102
0.0729927,0.01459854,0.102
0.0729927,0.02189781,0.102
0.0729927,0.02919708,0.102
0.0729927,0.03649635,0.102
0.0729927,0.04379562,0.102
0.0729927,0.05109489,0.102
0.0729927,0.05839416,0.102
0.0729927,0.06569343,0.102
0.0729927,0.0729927,0.102
0.0729927,0.08029197,0.102
0.08029197,-0.0729927,0.102
0.08029197,-0.06569343,0.102
0.08029197,-0.05839416,0.102
0.08029197,-0.05109489,0.102
0.08029197,-0.04379562,0.102
0.08029197,-0.03649635,0.102
0.08029197,-0.02919708,0.102
0.08029197,-0.02189781,0.102
0.08029197,-0.01459854,0.102
0.08029197,-0.00729927,0.102
0.08029197,0,0.102
0.08029197,0.00729927,0.102
0.08029197,0.01459854,0.102
0.08029197,0.02189781,0.102
0.08029197,0.02919708,0.102
0.08029197,0.04379562,0.102
0.08029197,0.05109489,0.102
0.08029197,0.05839416,0.102
0.08029197,0.06569343,0.102
0.08029197,0.0729927,0.102
0.08759124,-0.06569343,0.102
0.08759124,-0.05839416,0.102
0.08759124,-0.05109489,0.102
0.08759124,-0.04379562,0.102
0.08759124,-0.03649635,0.102
0.08759124,-0.02919708,0.102
0.08759124,-0.02189781,0.102
0.08759124,-0.01459854,0.102
0.08759124,-0.00729927,0.102
0.08759124,0,0.102
0.08759124,0.00729927,0.102
0.08759124,0.01459854,0.102
0.08759124,0.02189781,0.102
0.08759124,0.03649635,0.102
0.08759124,0.04379562,0.102
0.08759124,0.05109489,0.102
0.08759124,0.05839416,0.102
0.08759124,0.06569343,0.102
0.09489051,-0.05109489,0.102
0.09489051,-0.04379562,0.102
0.09489051,-0.03649635,0.102
0.09489051,-0.02919708,0.102
0.09489051,-0.02189781,0.102
0.09489051,-0.01459854,0.102
0.09489051,-0.00729927,0.102
0.09489051,0,0.102
0.09489051,0.00729927,0.102
0.09489051,0.01459854,0.102
0.09489051,0.02919708,0.102
0.09489051,0.03649635,0.102
0.09489051,0.04379562,0.102
0.09489051,0.05109489,0.102
0.10218978,-0.03649635,0.102
0.10218978,-0.02919708,0.102
0.10218978,-0.02189781,0.102
0.10218978,-0.01459854,0.102
0.10218978,-0.00729927,0.102
0.10218978,0,0.102
0.10218978,0.01459854,0.102
0.10218978,0.02189781,0.102
0.10218978,0.02919708,0.102
0.10218978,0.03649635,0.102
0.10218978,0.04379562,0.102
0.10948905,-0.01459854,0.102
0.10948905,-0.00729927,0.102
0.10948905,0,0.102
0.10948905,0.00729927,0.102
0.10948905,0.01459854,0.102
-0.105839415,-0.025547445,0.108
-0.105839415,-0.018248175,0.108
-0.105839415,0.018248175,0.108
-0.105839415,0.025547445,0.108
-0.105839415,0.032846715,0.108
-0.098540145,-0.047445255,0.108
-0.098540145,0.047445255,0.108
-0.091240875,-0.062043795,0.108
-0.091240875,0.062043795,0.108
-0.083941605,-0.069343065,0.108
-0.083941605,0.069343065,0.108
-0.076642335,-0.076642335,0.108
-0.076642335,0.076642335,0.108
-0.069343065,-0.083941605,0.108
-0.069343065,0.083941605,0.108
-0.062043795,-0.091240875,0.108
-0.062043795,0.091240875,0.108
-0.047445255,-0.098540145,0.108
-0.047445255,0.098540145,0.108
-0.032846715,0.105839415,0.108
-0.025547445,-0.105839415,0.108
-0.025547445,0.105839415,0.108
-0.018248175,-0.105839415,0.108
0.018248175,-0.105839415,0.108
0.025547445,-0.105839415,0.108
0.025547445,0.105839415,0.108
0.032846715,0.105839415,0.108
0.047445255,-0.098540145,0.108
0.047445255,0.098540145,0.108
0.062043795,-0.091240875,0.108
0.062043795,0.091240875,0.108
0.069343065,-0.083941605,0.108
0.069343065,0.083941605,0.108
0.076642335,-0.076642335,0.108
0.076642335,0.076642335,0.108
0.083941605,-0.069343065,0.108
0.083941605,0.069343065,0.108
0.091240875,-0.062043795,0.108
0.091240875,0.062043795,0.108
0.098540145,-0.047445255,0.108
0.098540145,0.047445255,0.108
0.105839415,-0.032846715,0.108
0.105839415,-0.025547445,0.108
0.105839415,0.025547445,0.108
0.105839415,0.032846715,0.108
